0 35226 4 60 -0.0000 0.000 0.000 0.000
1 35226 4 60 -0.0000 0.000 0.000 0.000
2 35226 4 60 -0.0000 0.000 0.000 0.000
3 35226 4 60 -0.0000 0.000 0.000 0.000
4 35226 4 60 -0.0000 0.000 0.000 0.000
5 35226 4 60 -0.0000 0.000 0.000 0.000
6 35226 4 60 -0.0000 0.000 0.000 0.000
7 35226 4 60 -0.0000 0.000 0.000 0.000
8 35226 4 60 -0.0000 0.000 0.000 0.000
9 35226 4 60 -0.0000 0.000 0.000 0.000
10 35226 4 60 -0.0000 0.000 0.000 0.000
11 35226 4 60 -0.0000 0.000 0.000 0.000
12 35226 4 60 -0.0000 0.000 0.000 0.000
13 35226 4 60 -0.0000 0.000 0.000 0.000
14 35226 4 60 -0.0000 0.000 0.000 0.000
15 35226 4 60 -0.0000 0.000 0.000 0.000
16 35226 4 60 -0.0000 0.000 0.000 0.000
17 35226 4 60 -0.0000 0.000 0.000 0.000
18 35226 4 60 -0.0000 0.000 0.000 0.000
19 35226 4 60 -0.0000 0.000 0.000 0.000
20 35226 4 60 -0.0000 0.000 0.000 0.000
21 35226 4 60 -0.0000 0.000 0.000 0.000
22 35226 4 60 -0.0000 0.000 0.000 0.000
23 35226 4 60 -0.0000 0.000 0.000 0.000
24 35226 4 60 -0.0000 0.000 0.000 0.000
25 35226 4 60 -0.0000 0.000 0.000 0.000
26 35226 4 60 -0.0000 0.000 0.000 0.000
27 35226 4 60 -0.0000 0.000 0.000 0.000
28 35226 4 60 -0.0000 0.000 0.000 0.000
29 35226 4 60 -0.0000 0.000 0.000 0.000
30 35226 4 60 -0.0000 0.000 0.000 0.000
31 35226 4 60 -0.0000 0.000 0.000 0.000
32 35226 4 60 -0.0000 0.000 0.000 0.000
33 35226 4 60 -0.0000 0.000 0.000 0.000
34 35226 4 60 -0.0000 0.000 0.000 0.000
35 35226 4 60 -0.0000 0.000 0.000 0.000
36 35226 4 60 -0.0000 0.000 0.000 0.000
37 35226 4 60 -0.0000 0.000 0.000 0.000
38 35226 4 60 -0.0000 0.000 0.000 0.000
39 35226 4 60 -0.0000 0.000 0.000 0.000
40 35226 4 60 -0.0000 0.000 0.000 0.000
41 35226 4 60 -0.0000 0.000 0.000 0.000
42 35226 4 60 -0.0000 0.000 0.000 0.000
43 35226 4 60 -0.0000 0.000 0.000 0.000
44 35226 4 60 -0.0000 0.000 0.000 0.000
45 35226 4 60 -0.0000 0.000 0.000 0.000
46 35226 4 60 -0.0000 0.000 0.000 0.000
47 35226 4 60 -0.0000 0.000 0.000 0.000
48 35226 4 60 -0.0000 0.000 0.000 0.000
49 35226 4 60 -0.0000 0.000 0.000 0.000
50 35226 4 60 -0.0000 0.000 0.000 0.000
51 35226 4 60 -0.0000 0.000 0.000 0.000
52 35226 4 60 -0.0000 0.000 0.000 0.000
53 35226 4 60 -0.0000 0.000 0.000 0.000
54 35226 4 60 -0.0000 0.000 0.000 0.000
55 35226 4 60 -0.0000 0.000 0.000 0.000
56 35226 4 60 -0.0000 0.000 0.000 0.000
57 35226 4 60 -0.0000 0.000 0.000 0.000
58 35226 4 60 -0.0000 0.000 0.000 0.000
59 35226 4 60 -0.0000 0.000 0.000 0.000
60 35226 4 60 -0.0000 0.000 0.000 0.000
61 35226 4 60 -0.0000 0.000 0.000 0.000
62 35226 4 60 -0.0000 0.000 0.000 0.000
63 35226 4 60 -0.0000 0.000 0.000 0.000
64 35226 4 60 -0.0000 0.000 0.000 0.000
65 35226 4 60 -0.0000 0.000 0.000 0.000
66 35226 4 60 -0.0000 0.000 0.000 0.000
67 35226 4 60 -0.0000 0.000 0.000 0.000
68 35226 4 60 -0.0000 0.000 0.000 0.000
69 35226 4 60 -0.0000 0.000 0.000 0.000
70 35226 4 60 -0.0000 0.000 0.000 0.000
71 35226 4 60 -0.0000 0.000 0.000 0.000
72 35226 4 60 -0.0000 0.000 0.000 0.000
73 35226 4 60 -0.0000 0.000 0.000 0.000
74 35226 4 60 -0.0000 0.000 0.000 0.000
75 35226 4 60 -0.0000 0.000 0.000 0.000
76 35226 4 60 -0.0000 0.000 0.000 0.000
77 35226 4 60 -0.0000 0.000 0.000 0.000
78 35226 4 60 -0.0000 0.000 0.000 0.000
79 35226 4 60 -0.0000 0.000 0.000 0.000
80 35226 4 60 -0.0000 0.000 0.000 0.000
81 35226 4 60 -0.0000 0.000 0.000 0.000
82 35226 4 60 -0.0000 0.000 0.000 0.000
83 35226 4 60 -0.0000 0.000 0.000 0.000
84 35226 4 60 -0.0000 0.000 0.000 0.000
85 35226 4 60 -0.0000 0.000 0.000 0.000
86 35226 4 60 -0.0000 0.000 0.000 0.000
87 35226 4 60 -0.0000 0.000 0.000 0.000
88 35226 4 60 -0.0000 0.000 0.000 0.000
89 35226 4 60 -0.0000 0.000 0.000 0.000
90 35226 4 60 -0.0000 0.000 0.000 0.000
91 35226 4 60 -0.0000 0.000 0.000 0.000
92 35226 4 60 -0.0000 0.000 0.000 0.000
93 35226 4 60 -0.0000 0.000 0.000 0.000
94 35226 4 60 -0.0000 0.000 0.000 0.000
95 35226 4 60 -0.0000 0.000 0.000 0.000
96 35226 4 60 -0.0000 0.000 0.000 0.000
97 35226 4 60 -0.0000 0.000 0.000 0.000
98 35226 4 60 -0.0000 0.000 0.000 0.000
99 35226 4 60 -0.0000 0.000 0.000 0.000
100 35226 4 60 -0.0000 0.000 0.000 0.000
101 35226 4 60 -0.0000 0.000 0.000 0.000
102 35226 4 60 -0.0000 0.000 0.000 0.000
103 35226 4 60 -0.0000 0.000 0.000 0.000
104 35226 4 60 -0.0000 0.000 0.000 0.000
105 35226 4 60 -0.0000 0.000 0.000 0.000
106 35226 4 60 -0.0000 0.000 0.000 0.000
107 35226 4 60 -0.0000 0.000 0.000 0.000
108 35226 4 60 -0.0000 0.000 0.000 0.000
109 35226 4 60 -0.0000 0.000 0.000 0.000
110 35226 4 60 -0.0000 0.000 0.000 0.000
111 35226 4 60 -0.0000 0.000 0.000 0.000
112 35226 4 60 -0.0000 0.000 0.000 0.000
113 35226 4 60 -0.0000 0.000 0.000 0.000
114 35226 4 60 -0.0000 0.000 0.000 0.000
115 35226 4 60 -0.0000 0.000 0.000 0.000
116 35226 4 60 -0.0000 0.000 0.000 0.000
117 35226 4 60 -0.0000 0.000 0.000 0.000
118 35226 4 60 -0.0000 0.000 0.000 0.000
119 35226 4 60 -0.0000 0.000 0.000 0.000
120 35226 4 60 -0.0000 0.000 0.000 0.000
121 35226 4 60 -0.0000 0.000 0.000 0.000
122 35226 4 60 -0.0000 0.000 0.000 0.000
123 35226 4 60 -0.0000 0.000 0.000 0.000
124 35226 4 60 -0.0000 0.000 0.000 0.000
125 35226 4 60 -0.0000 0.000 0.000 0.000
126 35226 4 60 -0.0000 0.000 0.000 0.000
127 35226 4 60 -0.0000 0.000 0.000 0.000
128 35226 4 60 -0.0000 0.000 0.000 0.000
129 35226 4 60 -0.0000 0.000 0.000 0.000
130 35226 4 60 -0.0000 0.000 0.000 0.000
131 35226 4 60 -0.0000 0.000 0.000 0.000
132 35226 4 60 -0.0000 0.000 0.000 0.000
133 35226 4 60 -0.0000 0.000 0.000 0.000
134 35226 4 60 -0.0000 0.000 0.000 0.000
135 35226 4 60 -0.0000 0.000 0.000 0.000
136 35226 4 60 -0.0000 0.000 0.000 0.000
137 35226 4 60 -0.0000 0.000 0.000 0.000
138 35226 4 60 -0.0000 0.000 0.000 0.000
139 35226 4 60 -0.0000 0.000 0.000 0.000
140 35226 4 60 -0.0000 0.000 0.000 0.000
141 35226 4 60 -0.0000 0.000 0.000 0.000
142 35226 4 60 -0.0000 0.000 0.000 0.000
143 35226 4 60 -0.0000 0.000 0.000 0.000
144 35226 4 60 -0.0000 0.000 0.000 0.000
145 35226 4 60 -0.0000 0.000 0.000 0.000
146 35226 4 60 -0.0000 0.000 0.000 0.000
147 35226 4 60 -0.0000 0.000 0.000 0.000
148 35226 4 60 -0.0000 0.000 0.000 0.000
149 35226 4 60 -0.0000 0.000 0.000 0.000
150 35226 4 60 -0.0000 0.000 0.000 0.000
151 35226 4 60 -0.0000 0.000 0.000 0.000
152 35226 4 60 -0.0000 0.000 0.000 0.000
153 35226 4 60 -0.0000 0.000 0.000 0.000
154 35226 4 60 -0.0000 0.000 0.000 0.000
155 35226 4 60 -0.0000 0.000 0.000 0.000
156 35226 4 60 -0.0000 0.000 0.000 0.000
157 35226 4 60 -0.0000 0.000 0.000 0.000
158 35226 4 60 -0.0000 0.000 0.000 0.000
159 35226 4 60 -0.0000 0.000 0.000 0.000
160 35226 4 60 -0.0000 0.000 0.000 0.000
161 35226 4 60 -0.0000 0.000 0.000 0.000
162 35226 4 60 -0.0000 0.000 0.000 0.000
163 35226 4 60 -0.0000 0.000 0.000 0.000
164 35226 4 60 -0.0000 0.000 0.000 0.000
165 35226 4 60 -0.0000 0.000 0.000 0.000
166 35226 4 60 -0.0000 0.000 0.000 0.000
167 35226 4 60 -0.0000 0.000 0.000 0.000
168 35226 4 60 -0.0000 0.000 0.000 0.000
169 35226 4 60 -0.0000 0.000 0.000 0.000
170 35226 4 60 -0.0000 0.000 0.000 0.000
171 35226 4 60 -0.0000 0.000 0.000 0.000
172 35226 4 60 -0.0000 0.000 0.000 0.000
173 35226 4 60 -0.0000 0.000 0.000 0.000
174 35226 4 60 -0.0000 0.000 0.000 0.000
175 35226 4 60 -0.0000 0.000 0.000 0.000
176 35226 4 60 -0.0000 0.000 0.000 0.000
177 35226 4 60 -0.0000 0.000 0.000 0.000
178 35226 4 60 -0.0000 0.000 0.000 0.000
179 35226 4 60 -0.0000 0.000 0.000 0.000
180 35226 4 60 -0.0000 0.000 0.000 0.000
181 35226 4 60 -0.0000 0.000 0.000 0.000
182 35226 4 60 -0.0000 0.000 0.000 0.000
183 35226 4 60 -0.0000 0.000 0.000 0.000
184 35226 4 60 -0.0000 0.000 0.000 0.000
185 35226 4 60 -0.0000 0.000 0.000 0.000
186 35226 4 60 -0.0000 0.000 0.000 0.000
187 35226 4 60 -0.0000 0.000 0.000 0.000
188 35226 4 60 -0.0000 0.000 0.000 0.000
189 35226 4 60 -0.0000 0.000 0.000 0.000
190 35226 4 60 -0.0000 0.000 0.000 0.000
191 35226 4 60 -0.0000 0.000 0.000 0.000
192 35226 4 60 -0.0000 0.000 0.000 0.000
193 35226 4 60 -0.0000 0.000 0.000 0.000
194 35226 4 60 -0.0000 0.000 0.000 0.000
195 35226 4 60 -0.0000 0.000 0.000 0.000
196 35226 4 60 -0.0000 0.000 0.000 0.000
197 35226 4 60 -0.0000 0.000 0.000 0.000
198 35226 4 60 -0.0000 0.000 0.000 0.000
199 35226 4 60 -0.0000 0.000 0.000 0.000
200 35226 4 60 -0.0000 0.000 0.000 0.000
201 35226 4 60 -0.0000 0.000 0.000 0.000
202 35226 4 60 -0.0000 0.000 0.000 0.000
203 35226 4 60 -0.0000 0.000 0.000 0.000
204 35226 4 60 -0.0000 0.000 0.000 0.000
205 35226 4 60 -0.0000 0.000 0.000 0.000
206 35226 4 60 -0.0000 0.000 0.000 0.000
207 35226 4 60 -0.0000 0.000 0.000 0.000
208 35226 4 60 -0.0000 0.000 0.000 0.000
209 35226 4 60 -0.0000 0.000 0.000 0.000
210 35226 4 60 -0.0000 0.000 0.000 0.000
211 35226 4 60 -0.0000 0.000 0.000 0.000
212 35226 4 60 -0.0000 0.000 0.000 0.000
213 35226 4 60 -0.0000 0.000 0.000 0.000
214 35226 4 60 -0.0000 0.000 0.000 0.000
215 35226 4 60 -0.0000 0.000 0.000 0.000
216 35226 4 60 -0.0000 0.000 0.000 0.000
217 35226 4 60 -0.0000 0.000 0.000 0.000
218 35226 4 60 -0.0000 0.000 0.000 0.000
219 35226 4 60 -0.0000 0.000 0.000 0.000
220 35226 4 60 -0.0000 0.000 0.000 0.000
221 35226 4 60 -0.0000 0.000 0.000 0.000
222 35226 4 60 -0.0000 0.000 0.000 0.000
223 35226 4 60 -0.0000 0.000 0.000 0.000
224 35226 4 60 -0.0000 0.000 0.000 0.000
225 35226 4 60 -0.0000 0.000 0.000 0.000
226 35226 4 60 -0.0000 0.000 0.000 0.000
227 35226 4 60 -0.0000 0.000 0.000 0.000
228 35226 4 60 -0.0000 0.000 0.000 0.000
229 35226 4 60 -0.0000 0.000 0.000 0.000
230 35226 4 60 -0.0000 0.000 0.000 0.000
231 35226 4 60 -0.0000 0.000 0.000 0.000
232 35226 4 60 -0.0000 0.000 0.000 0.000
233 35226 4 60 -0.0000 0.000 0.000 0.000
234 35226 4 60 -0.0000 0.000 0.000 0.000
235 35226 4 60 -0.0000 0.000 0.000 0.000
236 35226 4 60 -0.0000 0.000 0.000 0.000
237 35226 4 60 -0.0000 0.000 0.000 0.000
238 35226 4 60 -0.0000 0.000 0.000 0.000
239 35226 4 60 -0.0000 0.000 0.000 0.000
240 35226 4 60 -0.0000 0.000 0.000 0.000
241 35226 4 60 -0.0000 0.000 0.000 0.000
242 35226 4 60 -0.0000 0.000 0.000 0.000
243 35226 4 60 -0.0000 0.000 0.000 0.000
244 35226 4 60 -0.0000 0.000 0.000 0.000
245 35226 4 60 -0.0000 0.000 0.000 0.000
246 35226 4 60 -0.0000 0.000 0.000 0.000
247 35226 4 60 -0.0000 0.000 0.000 0.000
248 35226 4 60 -0.0000 0.000 0.000 0.000
249 35226 4 60 -0.0000 0.000 0.000 0.000
250 35226 4 60 -0.0000 0.000 0.000 0.000
251 35226 4 60 -0.0000 0.000 0.000 0.000
252 35226 4 60 -0.0000 0.000 0.000 0.000
253 35226 4 60 -0.0000 0.000 0.000 0.000
254 35226 4 60 -0.0000 0.000 0.000 0.000
255 35226 4 60 -0.0000 0.000 0.000 0.000
256 35226 4 60 -0.0000 0.000 0.000 0.000
257 35226 4 60 -0.0000 0.000 0.000 0.000
258 35226 4 60 -0.0000 0.000 0.000 0.000
259 35226 4 60 -0.0000 0.000 0.000 0.000
260 35226 4 60 -0.0000 0.000 0.000 0.000
261 35226 4 60 -0.0000 0.000 0.000 0.000
262 35226 4 60 -0.0000 0.000 0.000 0.000
263 35226 4 60 -0.0000 0.000 0.000 0.000
264 35226 4 60 -0.0000 0.000 0.000 0.000
265 35226 4 60 -0.0000 0.000 0.000 0.000
266 35226 4 60 -0.0000 0.000 0.000 0.000
267 35226 4 60 -0.0000 0.000 0.000 0.000
268 35226 4 60 -0.0000 0.000 0.000 0.000
269 35226 4 60 -0.0000 0.000 0.000 0.000
270 35226 4 60 -0.0000 0.000 0.000 0.000
271 35226 4 60 -0.0000 0.000 0.000 0.000
272 35226 4 60 -0.0000 0.000 0.000 0.000
273 35226 4 60 -0.0000 0.000 0.000 0.000
274 35226 4 60 -0.0000 0.000 0.000 0.000
275 35226 4 60 -0.0000 0.000 0.000 0.000
276 35226 4 60 -0.0000 0.000 0.000 0.000
277 35226 4 60 -0.0000 0.000 0.000 0.000
278 35226 4 60 -0.0000 0.000 0.000 0.000
279 35226 4 60 -0.0000 0.000 0.000 0.000
280 35226 4 60 -0.0000 0.000 0.000 0.000
281 35226 4 60 -0.0000 0.000 0.000 0.000
282 35226 4 60 -0.0000 0.000 0.000 0.000
283 35226 4 60 -0.0000 0.000 0.000 0.000
284 35226 4 60 -0.0000 0.000 0.000 0.000
285 35226 4 60 -0.0000 0.000 0.000 0.000
286 35226 4 60 -0.0000 0.000 0.000 0.000
287 35226 4 60 -0.0000 0.000 0.000 0.000
288 35226 4 60 -0.0000 0.000 0.000 0.000
289 35226 4 60 -0.0000 0.000 0.000 0.000
290 35226 4 60 -0.0000 0.000 0.000 0.000
291 35226 4 60 -0.0000 0.000 0.000 0.000
292 35226 4 60 -0.0000 0.000 0.000 0.000
293 35226 4 60 -0.0000 0.000 0.000 0.000
294 35226 4 60 -0.0000 0.000 0.000 0.000
295 35226 4 60 -0.0000 0.000 0.000 0.000
296 35226 4 60 -0.0000 0.000 0.000 0.000
297 35226 4 60 -0.0000 0.000 0.000 0.000
298 35226 4 60 -0.0000 0.000 0.000 0.000
299 35226 4 60 -0.0000 0.000 0.000 0.000
