# frame time_s visible x_gt y_gt x_est y_est residual_m
0 0.000 0 -100.0000 -189.0000 nan nan nan
1 0.080 0 -100.0800 -189.0200 nan nan nan
2 0.160 0 -100.1600 -189.0400 nan nan nan
3 0.240 0 -100.2400 -189.0600 nan nan nan
4 0.320 0 -100.3200 -189.0800 nan nan nan
5 0.400 0 -100.4000 -189.1000 nan nan nan
6 0.480 0 -100.4800 -189.1200 nan nan nan
7 0.560 0 -100.5600 -189.1400 nan nan nan
8 0.640 0 -100.6400 -189.1600 nan nan nan
9 0.720 0 -100.7200 -189.1800 nan nan nan
10 0.800 0 -100.8000 -189.2000 nan nan nan
11 0.880 0 -100.8800 -189.2200 nan nan nan
12 0.960 0 -100.9600 -189.2400 nan nan nan
13 1.040 0 -101.0400 -189.2600 nan nan nan
14 1.120 0 -101.1200 -189.2800 nan nan nan
15 1.200 0 -101.2000 -189.3000 nan nan nan
16 1.280 0 -101.2800 -189.3200 nan nan nan
17 1.360 0 -101.3600 -189.3400 nan nan nan
18 1.440 0 -101.4400 -189.3600 nan nan nan
19 1.520 0 -101.5200 -189.3800 nan nan nan
20 1.600 0 -101.6000 -189.4000 nan nan nan
21 1.680 0 -101.6800 -189.4200 nan nan nan
22 1.760 0 -101.7600 -189.4400 nan nan nan
23 1.840 0 -101.8400 -189.4600 nan nan nan
24 1.920 0 -101.9200 -189.4800 nan nan nan
25 2.000 0 -102.0000 -189.5000 nan nan nan
26 2.080 0 -102.0800 -189.5200 nan nan nan
27 2.160 0 -102.1600 -189.5400 nan nan nan
28 2.240 0 -102.2400 -189.5600 nan nan nan
29 2.320 0 -102.3200 -189.5800 nan nan nan
30 2.400 0 -3.8000 5.7500 nan nan nan
31 2.480 1 -3.8800 5.7300 -3.8609 5.5147 0.2161
32 2.560 1 -3.9600 5.7100 -3.8479 4.9499 0.7684
33 2.640 1 -4.0400 5.6900 -3.8605 5.3984 0.3425
34 2.720 1 -4.1200 5.6700 -3.8589 5.2837 0.4662
35 2.800 1 -4.2000 5.6500 -3.8589 5.2837 0.5005
36 2.880 1 -4.2800 5.6300 -3.8605 5.3984 0.4792
37 2.960 1 -4.3600 5.6100 -3.8589 5.2837 0.5980
38 3.040 1 -4.4400 5.5900 -4.8395 5.8542 0.4790
39 3.120 1 -4.5200 5.5700 -3.8589 5.2837 0.7204
40 3.200 1 -4.6000 5.5500 -4.7673 6.8093 1.2704
41 3.280 1 -4.6800 5.5300 -4.8445 5.6271 0.1910
42 3.360 1 -4.7600 5.5100 -4.8426 5.7400 0.2444
43 3.440 1 -4.8400 5.4900 -4.8426 5.7400 0.2500
44 3.520 1 -4.9200 5.4700 -4.8452 5.5154 0.0875
45 3.600 1 -5.0000 5.4500 -4.8448 5.4050 0.1616
46 3.680 1 -5.0800 5.4300 -4.8448 5.4050 0.2366
47 3.760 1 -5.1600 5.4100 -4.8448 5.4050 0.3153
48 3.840 1 -5.2400 5.3900 -5.6932 6.3515 1.0629
49 3.920 1 -5.3200 5.3700 -4.8448 5.4050 0.4765
50 4.000 1 -5.4000 5.3500 -5.7088 6.1182 0.8279
51 4.080 1 -5.4800 5.3300 -5.7147 6.0030 0.7128
52 4.160 1 -5.5600 5.3100 -5.6932 6.3515 1.0499
53 4.240 1 -5.6400 5.2900 -5.7261 5.5524 0.2761
54 4.320 1 -5.7200 5.2700 -5.7261 5.5524 0.2824
55 4.400 0 -5.8000 5.2500 nan nan nan
56 4.480 0 -5.8800 5.2300 nan nan nan
57 4.560 0 -5.9600 5.2100 nan nan nan
58 4.640 0 -6.0400 5.1900 nan nan nan
59 4.720 0 -6.1200 5.1700 nan nan nan
60 4.800 0 -6.2000 5.1500 nan nan nan
61 4.880 0 -6.2800 5.1300 nan nan nan
62 4.960 0 -6.3600 5.1100 nan nan nan
63 5.040 0 -6.4400 5.0900 nan nan nan
64 5.120 0 -6.5200 5.0700 nan nan nan
65 5.200 0 -6.6000 5.0500 nan nan nan
66 5.280 0 -6.6800 5.0300 nan nan nan
67 5.360 0 -6.7600 5.0100 nan nan nan
68 5.440 0 -6.8400 4.9900 nan nan nan
69 5.520 0 -6.9200 4.9700 nan nan nan
70 5.600 0 -7.0000 4.9500 nan nan nan
71 5.680 0 -7.0800 4.9300 nan nan nan
72 5.760 0 -7.1600 4.9100 nan nan nan
73 5.840 0 -7.2400 4.8900 nan nan nan
74 5.920 0 -7.3200 4.8700 nan nan nan
75 6.000 0 -7.4000 4.8500 nan nan nan
76 6.080 0 -7.4800 4.8300 nan nan nan
77 6.160 0 -7.5600 4.8100 nan nan nan
78 6.240 0 -7.6400 4.7900 nan nan nan
79 6.320 0 -7.7200 4.7700 nan nan nan
80 6.400 0 -7.8000 4.7500 nan nan nan
81 6.480 0 -7.8800 4.7300 nan nan nan
82 6.560 0 -7.9600 4.7100 nan nan nan
83 6.640 0 -8.0400 4.6900 nan nan nan
84 6.720 0 -8.1200 4.6700 nan nan nan
85 6.800 0 -8.2000 4.6500 nan nan nan
86 6.880 0 -8.2800 4.6300 nan nan nan
87 6.960 0 -8.3600 4.6100 nan nan nan
88 7.040 0 -8.4400 4.5900 nan nan nan
89 7.120 0 -8.5200 4.5700 nan nan nan
90 7.200 0 -8.6000 4.5500 nan nan nan
91 7.280 0 -8.6800 4.5300 nan nan nan
92 7.360 0 -8.7600 4.5100 nan nan nan
93 7.440 0 -8.8400 4.4900 nan nan nan
94 7.520 0 -8.9200 4.4700 nan nan nan
95 7.600 0 -9.0000 4.4500 nan nan nan
96 7.680 0 -9.0800 4.4300 nan nan nan
97 7.760 0 -9.1600 4.4100 nan nan nan
98 7.840 0 -9.2400 4.3900 nan nan nan
99 7.920 0 -9.3200 4.3700 nan nan nan
