0 18410 4 60 -30.0000 -89.989 -179.869 90.109
1 18410 4 60 -30.0000 -89.989 -179.869 90.109
2 18410 4 60 -30.0000 -89.989 -179.869 90.109
3 18410 4 60 -30.0000 -89.989 -179.869 90.109
4 18410 4 60 -30.0000 -89.989 -179.869 90.109
5 18410 4 60 -30.0000 -89.989 -179.869 90.109
6 18410 4 60 -30.0000 -90.016 -179.918 90.062
7 18410 4 60 -30.0000 -90.016 -179.918 90.062
8 18410 4 60 -30.0000 -90.016 -179.918 90.062
9 18410 4 60 -30.0000 -90.016 -179.918 90.062
10 18410 4 60 -30.0000 -90.016 -179.918 90.062
11 18410 4 60 -30.0000 -90.207 -179.926 90.066
12 18410 4 60 -30.0000 -90.207 -179.926 90.066
13 18410 4 60 -30.0000 -90.207 -179.926 90.066
14 18410 4 60 -30.0000 -90.207 -179.926 90.066
15 18410 4 60 -30.0000 -90.207 -179.926 90.066
16 18410 4 60 -30.0000 -90.207 -179.926 90.066
17 18410 4 60 -30.0000 -90.207 -179.926 90.066
18 18410 4 60 -30.0000 -90.207 -179.926 90.066
19 18410 4 60 -30.0000 -90.207 -179.926 90.066
20 18410 4 60 -30.0000 -90.207 -179.926 90.066
21 18410 4 60 -30.0000 -90.207 -179.926 90.066
22 18410 4 60 -30.0000 -89.988 -179.953 90.044
23 18410 4 60 -30.0000 -89.988 -179.953 90.044
24 18410 4 60 -30.0000 -89.988 -179.953 90.044
25 18410 4 60 -30.0000 -89.988 -179.953 90.044
26 18410 4 60 -30.0000 -89.988 -179.953 90.044
27 18410 4 60 -30.0000 -89.988 -179.953 90.044
28 18410 4 60 -30.0000 -89.988 -179.953 90.044
29 18410 4 60 -30.0000 -89.988 -179.953 90.044
30 18410 4 60 -30.0000 -89.988 -179.953 90.044
31 18410 4 60 -30.0000 -89.988 -179.953 90.044
32 18410 4 60 -30.1000 -90.170 179.276 89.494
33 18410 4 276 -30.0000 -89.997 -179.964 90.021
34 18410 4 276 -30.0000 -89.997 -179.964 90.021
35 18410 4 276 -30.0000 -89.997 -179.964 90.021
36 18410 4 276 -30.0000 -89.997 -179.964 90.021
37 18410 4 276 -30.0000 -89.997 -179.964 90.021
38 18410 4 276 -30.0000 -89.997 -179.964 90.021
39 18410 4 276 -30.0000 -89.997 -179.964 90.021
40 18410 4 276 -30.0000 -89.997 -179.964 90.021
41 18410 4 276 -30.0000 -89.997 -179.964 90.021
42 18410 4 60 -30.0000 -90.009 -179.965 90.033
43 18410 4 60 -30.0000 -90.009 -179.965 90.033
44 18410 4 60 -30.0000 -90.009 -179.965 90.033
45 18410 4 60 -30.0000 -90.009 -179.965 90.033
46 18410 4 60 -30.0000 -90.009 -179.965 90.033
47 18410 4 60 -30.0000 -90.009 -179.965 90.033
48 18410 4 60 -30.0000 -90.022 -179.964 90.045
49 18410 4 60 -30.0000 -90.022 -179.964 90.045
50 18410 4 60 -30.0000 -90.022 -179.964 90.045
51 18410 4 60 -30.0000 -90.022 -179.964 90.045
52 18410 4 60 -30.0000 -90.022 -179.964 90.045
53 18410 4 60 -30.0000 -90.022 -179.964 90.045
54 18410 4 60 -30.0000 -90.022 -179.964 90.045
55 18410 4 60 -30.0000 -90.022 -179.964 90.045
56 18410 4 60 -30.0000 -90.022 -179.964 90.045
57 18410 4 60 -30.0000 -90.022 -179.964 90.045
58 18410 4 60 -30.0000 -89.989 -179.988 90.012
59 18410 4 60 -30.0000 -89.989 -179.988 90.012
60 18410 4 60 -30.0000 -89.989 -179.988 90.012
61 18410 4 60 -30.0000 -89.989 -179.988 90.012
62 18410 4 60 -30.0000 -89.989 -179.988 90.012
63 18410 4 60 -30.0000 -89.989 -179.988 90.012
64 18410 4 60 -30.0000 -89.989 -179.988 90.012
65 18410 4 60 -30.0000 -89.989 -179.988 90.012
66 18410 4 60 -30.0000 -90.000 -179.960 90.026
67 18410 4 60 -30.0000 -90.000 -179.960 90.026
68 18410 4 60 -30.0000 -90.000 -179.960 90.026
69 18410 4 60 -30.0000 -90.000 -179.960 90.026
70 18410 4 60 -30.0000 -90.000 -179.960 90.026
71 18410 4 60 -30.0000 -90.000 -179.960 90.026
72 18410 4 60 -30.0000 -90.000 -179.960 90.026
73 18410 4 60 -30.0000 -90.000 -179.960 90.026
74 18410 4 60 -30.0000 -90.000 -179.960 90.026
75 18410 4 60 -30.0000 -90.010 -179.943 90.047
76 18410 4 60 -30.0000 -90.010 -179.943 90.047
77 18410 4 60 -30.0000 -90.010 -179.943 90.047
78 18410 4 60 -30.0000 -90.010 -179.943 90.047
79 18410 4 60 -30.0000 -90.010 -179.943 90.047
80 18410 4 60 -30.0000 -90.010 -179.943 90.047
81 18410 4 60 -30.0000 -90.010 -179.943 90.047
82 18410 4 60 -30.0000 -90.010 -179.943 90.047
83 18410 4 60 -30.0000 -90.010 -179.943 90.047
84 18410 4 60 -30.0000 -90.010 -179.943 90.047
85 18410 4 60 -30.0000 -90.001 -179.960 90.003
86 18410 4 60 -30.0000 -90.001 -179.960 90.003
87 18410 4 60 -30.0000 -90.001 -179.960 90.003
88 18410 4 60 -30.0000 -90.001 -179.960 90.003
89 18410 4 60 -30.0000 -90.001 -179.960 90.003
90 18410 4 60 -30.0000 -90.001 -179.960 90.003
91 18410 4 60 -30.0000 -90.001 -179.960 90.003
92 18410 4 60 -30.0000 -90.001 -179.960 90.003
93 18410 4 60 -30.0000 -90.001 -179.960 90.003
94 18410 4 60 -30.0000 -90.001 -179.960 90.003
95 18410 4 60 -30.0000 -90.001 -179.960 90.003
96 18410 4 60 -30.0000 -89.991 -179.927 90.085
97 18410 4 60 -30.0000 -89.991 -179.927 90.085
98 18410 4 60 -30.0000 -89.991 -179.927 90.085
99 18410 4 60 -30.0000 -89.991 -179.927 90.085
100 18410 4 60 -30.0000 -89.991 -179.927 90.085
101 18410 4 60 -30.0000 -89.991 -179.927 90.085
102 18410 4 60 -30.0000 -89.991 -179.927 90.085
103 18410 4 60 -30.0000 -89.991 -179.927 90.085
104 18410 4 60 -30.0000 -89.991 -179.927 90.085
105 18410 4 60 -30.0000 -89.991 -179.927 90.085
106 18410 4 60 -30.0000 -89.991 -179.927 90.085
107 18410 4 60 -30.0000 -89.991 -179.927 90.085
108 18410 4 60 -30.0000 -89.958 -179.919 90.097
109 18410 4 60 -30.0000 -89.958 -179.919 90.097
110 18410 4 60 -30.0000 -89.958 -179.919 90.097
111 18410 4 60 -30.0000 -89.958 -179.919 90.097
112 18410 4 60 -30.0000 -89.958 -179.919 90.097
113 18410 4 60 -30.0000 -89.958 -179.919 90.097
114 18410 4 60 -30.0000 -89.958 -179.919 90.097
115 18410 4 60 -30.0000 -89.958 -179.919 90.097
116 18410 4 60 -30.0000 -89.958 -179.919 90.097
117 18410 4 60 -30.0000 -89.958 -179.919 90.097
118 18410 4 60 -30.0000 -89.958 -179.919 90.097
119 18410 4 60 -30.0000 -89.958 -179.919 90.097
120 18410 4 60 -30.0000 -89.958 -179.919 90.097
121 18410 4 60 -30.0000 -90.029 -179.996 90.004
122 18410 4 60 -30.0000 -90.029 -179.996 90.004
123 18410 4 60 -30.0000 -90.029 -179.996 90.004
124 18410 4 60 -30.0000 -90.029 -179.996 90.004
125 18410 4 60 -30.0000 -90.029 -179.996 90.004
126 18410 4 60 -30.0000 -90.029 -179.996 90.004
127 18410 4 60 -30.0000 -90.029 -179.996 90.004
128 18410 4 60 -30.0000 -90.029 -179.996 90.004
129 18410 4 60 -30.0000 -90.029 -179.996 90.004
130 18410 4 60 -30.0000 -90.029 -179.996 90.004
131 18410 4 60 -30.0000 -90.029 -179.996 90.004
132 18410 4 60 -30.0000 -89.997 -179.924 90.054
133 18410 4 60 -30.0000 -89.997 -179.924 90.054
134 18410 4 60 -30.0000 -89.997 -179.924 90.054
135 18410 4 60 -30.0000 -89.997 -179.924 90.054
136 18410 4 60 -30.0000 -89.997 -179.924 90.054
137 18410 4 60 -30.0000 -89.997 -179.924 90.054
138 18410 4 60 -30.0000 -89.997 -179.924 90.054
139 18410 4 60 -30.0000 -89.997 -179.924 90.054
140 18410 4 60 -30.0000 -89.997 -179.924 90.054
141 18410 4 60 -30.0000 -89.997 -179.924 90.054
142 18410 4 60 -30.0000 -89.997 -179.924 90.054
143 18410 4 60 -30.0000 -89.997 -179.924 90.054
144 18410 4 60 -30.0000 -89.985 -179.990 90.023
145 18410 4 60 -30.0000 -89.985 -179.990 90.023
146 18410 4 60 -30.0000 -89.985 -179.990 90.023
147 18410 4 60 -30.0000 -89.985 -179.990 90.023
148 18410 4 60 -30.0000 -89.985 -179.990 90.023
149 18410 4 60 -30.0000 -89.985 -179.990 90.023
150 18410 4 60 -30.0000 -89.985 -179.990 90.023
151 18410 4 60 -30.0000 -89.985 -179.990 90.023
152 18410 4 60 -30.0000 -89.985 -179.990 90.023
153 18410 4 60 -30.0000 -89.985 -179.990 90.023
154 18410 4 60 -30.0000 -89.985 -179.990 90.023
155 18410 4 60 -30.0000 -89.985 -179.990 90.023
156 18410 4 60 -30.0000 -90.268 -179.961 90.037
157 18410 4 60 -30.0000 -90.268 -179.961 90.037
158 18410 4 60 -30.0000 -90.268 -179.961 90.037
159 18410 4 60 -30.0000 -90.268 -179.961 90.037
160 18410 4 60 -30.0000 -90.268 -179.961 90.037
161 18410 4 60 -30.0000 -90.268 -179.961 90.037
162 18410 4 60 -30.0000 -90.268 -179.961 90.037
163 18410 4 60 -30.0000 -90.268 -179.961 90.037
164 18410 4 60 -30.0000 -90.268 -179.961 90.037
165 18410 4 60 -30.0000 -90.268 -179.961 90.037
166 18410 4 60 -30.0000 -89.967 -179.917 90.074
167 18410 4 60 -30.0000 -89.967 -179.917 90.074
168 18410 4 60 -30.0000 -89.967 -179.917 90.074
169 18410 4 60 -30.0000 -89.967 -179.917 90.074
170 18410 4 60 -30.0000 -89.967 -179.917 90.074
171 18410 4 60 -30.0000 -89.967 -179.917 90.074
172 18410 4 60 -30.0000 -89.967 -179.917 90.074
173 18410 4 60 -30.0000 -89.967 -179.917 90.074
174 18410 4 60 -30.0000 -89.960 -179.897 90.107
175 18410 4 60 -30.0000 -89.960 -179.897 90.107
176 18410 4 60 -30.0000 -89.960 -179.897 90.107
177 18410 4 60 -30.0000 -89.960 -179.897 90.107
178 18410 4 60 -30.0000 -89.960 -179.897 90.107
179 18410 4 60 -30.0000 -89.960 -179.897 90.107
180 18410 4 60 -30.0000 -89.960 -179.897 90.107
181 18410 4 60 -30.0000 -89.960 -179.897 90.107
182 18410 4 60 -30.0000 -89.960 -179.897 90.107
183 18410 4 60 -30.0000 -90.028 -179.936 90.032
184 18410 4 60 -30.0000 -90.028 -179.936 90.032
185 18410 4 60 -30.0000 -90.028 -179.936 90.032
186 18410 4 60 -30.0000 -90.028 -179.936 90.032
187 18410 4 60 -30.0000 -90.028 -179.936 90.032
188 18410 4 60 -30.0000 -90.028 -179.936 90.032
189 18410 4 60 -30.0000 -90.028 -179.936 90.032
190 18410 4 60 -30.0000 -90.028 -179.936 90.032
191 18410 4 60 -30.0000 -90.028 -179.936 90.032
192 18410 4 60 -30.0000 -90.028 -179.936 90.032
193 18410 4 60 -30.0000 -90.028 -179.936 90.032
194 18410 4 60 -30.0000 -90.028 -179.936 90.032
195 18410 4 60 -30.0000 -89.983 -179.972 90.027
196 18410 4 60 -30.0000 -89.983 -179.972 90.027
197 18410 4 60 -30.0000 -89.983 -179.972 90.027
198 18410 4 60 -30.0000 -89.983 -179.972 90.027
199 18410 4 60 -30.0000 -89.983 -179.972 90.027
200 18410 4 60 -30.0000 -89.983 -179.972 90.027
201 18410 4 60 -30.0000 -89.983 -179.972 90.027
202 18410 4 60 -30.0000 -89.983 -179.972 90.027
203 18410 4 60 -30.0000 -89.983 -179.972 90.027
204 18410 4 60 -30.0000 -89.983 -179.972 90.027
205 18410 4 60 -30.0000 -89.983 -179.972 90.027
206 18410 4 60 -30.0000 -89.983 -179.972 90.027
207 18410 4 60 -30.0000 -89.997 -179.926 90.085
208 18410 4 60 -30.0000 -89.997 -179.926 90.085
209 18410 4 60 -30.0000 -89.997 -179.926 90.085
210 18410 4 60 -30.0000 -89.997 -179.926 90.085
211 18410 4 60 -30.0000 -89.997 -179.926 90.085
212 18410 4 60 -30.0000 -89.997 -179.926 90.085
213 18410 4 60 -30.0000 -89.997 -179.926 90.085
214 18410 4 60 -30.0000 -89.997 -179.926 90.085
215 18410 4 60 -30.0000 -89.997 -179.926 90.085
216 18410 4 60 -30.0000 -89.997 -179.926 90.085
217 18410 4 60 -30.0000 -89.997 -179.926 90.085
218 18410 4 60 -30.0000 -89.973 -179.940 90.057
219 18410 4 60 -30.0000 -89.973 -179.940 90.057
220 18410 4 60 -30.0000 -89.973 -179.940 90.057
221 18410 4 60 -30.0000 -89.973 -179.940 90.057
222 18410 4 60 -30.0000 -89.973 -179.940 90.057
223 18410 4 60 -30.0000 -89.973 -179.940 90.057
224 18410 4 60 -30.0000 -89.973 -179.940 90.057
225 18410 4 60 -30.0000 -89.973 -179.940 90.057
226 18410 4 60 -30.0000 -89.973 -179.940 90.057
227 18410 4 60 -30.0000 -89.973 -179.940 90.057
228 18410 4 60 -30.0000 -89.859 -179.872 89.608
229 18410 4 276 -30.0000 -90.013 -179.978 90.019
230 18410 4 60 -30.0000 -89.971 -179.937 90.041
231 18410 4 60 -30.0000 -89.971 -179.937 90.041
232 18410 4 60 -30.0000 -89.971 -179.937 90.041
233 18410 4 60 -30.0000 -89.971 -179.937 90.041
234 18410 4 60 -30.0000 -89.971 -179.937 90.041
235 18410 4 60 -30.0000 -89.971 -179.937 90.041
236 18410 4 60 -30.0000 -89.971 -179.937 90.041
237 18410 4 60 -30.0000 -89.971 -179.937 90.041
238 18410 4 60 -30.0000 -89.971 -179.937 90.041
239 18410 4 60 -30.0000 -90.000 -179.982 90.015
240 18410 4 60 -30.0000 -90.000 -179.982 90.015
241 18410 4 60 -30.0000 -90.000 -179.982 90.015
242 18410 4 60 -30.0000 -90.000 -179.982 90.015
243 18410 4 60 -30.0000 -90.000 -179.982 90.015
244 18410 4 60 -30.0000 -90.000 -179.982 90.015
245 18410 4 60 -30.0000 -90.000 -179.982 90.015
246 18410 4 60 -30.0000 -90.000 -179.982 90.015
247 18410 4 60 -30.0000 -90.000 -179.982 90.015
248 18410 4 60 -30.0000 -90.000 -179.982 90.015
249 18410 4 60 -30.0000 -90.000 -179.982 90.015
250 18410 4 60 -30.0000 -89.959 -179.927 90.070
251 18410 4 60 -30.0000 -89.959 -179.927 90.070
252 18410 4 60 -30.0000 -89.959 -179.927 90.070
253 18410 4 60 -30.0000 -89.959 -179.927 90.070
254 18410 4 60 -30.0000 -89.959 -179.927 90.070
255 18410 4 60 -30.0000 -89.959 -179.927 90.070
256 18410 4 60 -30.0000 -89.959 -179.927 90.070
257 18410 4 60 -30.0000 -89.959 -179.927 90.070
258 18410 4 60 -30.0000 -89.959 -179.927 90.070
259 18410 4 60 -30.0000 -89.959 -179.927 90.070
260 18410 4 60 -30.0000 -89.959 -179.927 90.070
261 18410 4 60 -30.0000 -89.972 -179.939 90.061
262 18410 4 60 -30.0000 -89.972 -179.939 90.061
263 18410 4 60 -30.0000 -89.972 -179.939 90.061
264 18410 4 60 -30.0000 -89.972 -179.939 90.061
265 18410 4 60 -30.0000 -89.972 -179.939 90.061
266 18410 4 60 -30.0000 -89.972 -179.939 90.061
267 18410 4 60 -30.0000 -89.972 -179.939 90.061
268 18410 4 60 -30.0000 -89.972 -179.939 90.061
269 18410 4 60 -30.0000 -89.972 -179.939 90.061
270 18410 4 60 -30.0000 -89.972 -179.939 90.061
271 18410 4 60 -30.0000 -90.276 179.789 89.784
272 18410 4 60 -30.0000 -90.276 179.789 89.784
273 18410 4 60 -30.0000 -90.276 179.789 89.784
274 18410 4 60 -30.0000 -90.276 179.789 89.784
275 18410 4 60 -30.0000 -90.276 179.789 89.784
276 18410 4 60 -30.0000 -90.276 179.789 89.784
277 18410 4 60 -30.0000 -90.276 179.789 89.784
278 18410 4 60 -30.0000 -90.276 179.789 89.784
279 18410 4 60 -30.0000 -90.276 179.789 89.784
280 18410 4 60 -30.0000 -90.276 179.789 89.784
281 18410 4 60 -30.0000 -90.276 179.789 89.784
282 18410 4 60 -30.0000 -89.834 -179.796 90.208
283 18410 4 60 -30.0000 -89.834 -179.796 90.208
284 18410 4 60 -30.0000 -89.834 -179.796 90.208
285 18410 4 60 -30.0000 -89.834 -179.796 90.208
286 18410 4 60 -30.0000 -89.834 -179.796 90.208
287 18410 4 60 -30.0000 -89.834 -179.796 90.208
288 18410 4 60 -30.0000 -89.834 -179.796 90.208
289 18410 4 60 -30.0000 -89.834 -179.796 90.208
290 18410 4 60 -30.0000 -89.971 179.999 90.000
291 18410 4 60 -30.0000 -89.971 179.999 90.000
292 18410 4 60 -30.0000 -89.971 179.999 90.000
293 18410 4 60 -30.0000 -89.971 179.999 90.000
294 18410 4 60 -30.0000 -89.971 179.999 90.000
295 18410 4 60 -30.0000 -89.971 179.999 90.000
296 18410 4 60 -30.0000 -89.971 179.999 90.000
297 18410 4 60 -30.0000 -89.971 179.999 90.000
298 18410 4 60 -30.0000 -89.971 179.999 90.000
299 18410 4 60 -30.0000 -89.640 179.776 89.821
