0 32895 4 60 -0.0000 0.000 0.000 0.000
1 32895 4 60 -0.0000 0.000 0.000 0.000
2 32895 4 60 -0.0000 0.000 0.000 0.000
3 32895 4 60 -0.0000 0.000 0.000 0.000
4 32895 4 60 -0.0000 0.000 0.000 0.000
5 32895 4 60 -0.0000 0.000 0.000 0.000
6 32895 4 60 -0.0000 0.000 0.000 0.000
7 32895 4 60 -0.0000 0.000 0.000 0.000
8 32895 4 60 -0.0000 0.000 0.000 0.000
9 32895 4 60 -0.0000 0.000 0.000 0.000
10 32895 4 60 -0.0000 0.000 0.000 0.000
11 32895 4 60 -0.0000 0.000 0.000 0.000
12 32895 4 60 -0.0000 0.000 0.000 0.000
13 32895 4 60 -0.0000 0.000 0.000 0.000
14 32895 4 60 -0.0000 0.000 0.000 0.000
15 32895 4 60 -0.0000 0.000 0.000 0.000
16 32895 4 60 -0.0000 0.000 0.000 0.000
17 32895 4 60 -0.0000 0.000 0.000 0.000
18 32895 4 60 -0.0000 0.000 0.000 0.000
19 32895 4 60 -0.0000 0.000 0.000 0.000
20 32895 4 60 -0.0000 0.000 0.000 0.000
21 32895 4 60 -0.0000 0.000 0.000 0.000
22 32895 4 60 -0.0000 0.000 0.000 0.000
23 32895 4 60 -0.0000 0.000 0.000 0.000
24 32895 4 60 -0.0000 0.000 0.000 0.000
25 32895 4 60 -0.0000 0.000 0.000 0.000
26 32895 4 60 -0.0000 0.000 0.000 0.000
27 32895 4 60 -0.0000 0.000 0.000 0.000
28 32895 4 60 -0.0000 0.000 0.000 0.000
29 32895 4 60 -0.0000 0.000 0.000 0.000
30 32895 4 60 -0.0000 0.000 0.000 0.000
31 32895 4 60 -0.0000 0.000 0.000 0.000
32 32895 4 60 -0.0000 0.000 0.000 0.000
33 32895 4 60 -0.0000 0.000 0.000 0.000
34 32895 4 60 -0.0000 0.000 0.000 0.000
35 32895 4 60 -0.0000 0.000 0.000 0.000
36 32895 4 60 -0.0000 0.000 0.000 0.000
37 32895 4 60 -0.0000 0.000 0.000 0.000
38 32895 4 60 -0.0000 0.000 0.000 0.000
39 32895 4 60 -0.0000 0.000 0.000 0.000
40 32895 4 60 -0.0000 0.000 0.000 0.000
41 32895 4 60 -0.0000 0.000 0.000 0.000
42 32895 4 60 -0.0000 0.000 0.000 0.000
43 32895 4 60 -0.0000 0.000 0.000 0.000
44 32895 4 60 -0.0000 0.000 0.000 0.000
45 32895 4 60 -0.0000 0.000 0.000 0.000
46 32895 4 60 -0.0000 0.000 0.000 0.000
47 32895 4 60 -0.0000 0.000 0.000 0.000
48 32895 4 60 -0.0000 0.000 0.000 0.000
49 32895 4 60 -0.0000 0.000 0.000 0.000
50 32895 4 60 -0.0000 0.000 0.000 0.000
51 32895 4 60 -0.0000 0.000 0.000 0.000
52 32895 4 60 -0.0000 0.000 0.000 0.000
53 32895 4 60 -0.0000 0.000 0.000 0.000
54 32895 4 60 -0.0000 0.000 0.000 0.000
55 32895 4 60 -0.0000 0.000 0.000 0.000
56 32895 4 60 -0.0000 0.000 0.000 0.000
57 32895 4 60 -0.0000 0.000 0.000 0.000
58 32895 4 60 -0.0000 0.000 0.000 0.000
59 32895 4 60 -0.0000 0.000 0.000 0.000
60 32895 4 60 -0.0000 0.000 0.000 0.000
61 32895 4 60 -0.0000 0.000 0.000 0.000
62 32895 4 60 -0.0000 0.000 0.000 0.000
63 32895 4 60 -0.0000 0.000 0.000 0.000
64 32895 4 60 -0.0000 0.000 0.000 0.000
65 32895 4 60 -0.0000 0.000 0.000 0.000
66 32895 4 60 -0.0000 0.000 0.000 0.000
67 32895 4 60 -0.0000 0.000 0.000 0.000
68 32895 4 60 -0.0000 0.000 0.000 0.000
69 32895 4 60 -0.0000 0.000 0.000 0.000
70 32895 4 60 -0.0000 0.000 0.000 0.000
71 32895 4 60 -0.0000 0.000 0.000 0.000
72 32895 4 60 -0.0000 0.000 0.000 0.000
73 32895 4 60 -0.0000 0.000 0.000 0.000
74 32895 4 60 -0.0000 0.000 0.000 0.000
75 32895 4 60 -0.0000 0.000 0.000 0.000
76 32895 4 60 -0.0000 0.000 0.000 0.000
77 32895 4 60 -0.0000 0.000 0.000 0.000
78 32895 4 60 -0.0000 0.000 0.000 0.000
79 32895 4 60 -0.0000 0.000 0.000 0.000
80 32895 4 60 -0.0000 0.000 0.000 0.000
81 32895 4 60 -0.0000 0.000 0.000 0.000
82 32895 4 60 -0.0000 0.000 0.000 0.000
83 32895 4 60 -0.0000 0.000 0.000 0.000
84 32895 4 60 -0.0000 0.000 0.000 0.000
85 32895 4 60 -0.0000 0.000 0.000 0.000
86 32895 4 60 -0.0000 0.000 0.000 0.000
87 32895 4 60 -0.0000 0.000 0.000 0.000
88 32895 4 60 -0.0000 0.000 0.000 0.000
89 32895 4 60 -0.0000 0.000 0.000 0.000
90 32895 4 60 -0.0000 0.000 0.000 0.000
91 32895 4 60 -0.0000 0.000 0.000 0.000
92 32895 4 60 -0.0000 0.000 0.000 0.000
93 32895 4 60 -0.0000 0.000 0.000 0.000
94 32895 4 60 -0.0000 0.000 0.000 0.000
95 32895 4 60 -0.0000 0.000 0.000 0.000
96 32895 4 60 -0.0000 0.000 0.000 0.000
97 32895 4 60 -0.0000 0.000 0.000 0.000
98 32895 4 60 -0.0000 0.000 0.000 0.000
99 32895 4 60 -0.0000 0.000 0.000 0.000
100 32895 4 60 -0.0000 0.000 0.000 0.000
101 32895 4 60 -0.0000 0.000 0.000 0.000
102 32895 4 60 -0.0000 0.000 0.000 0.000
103 32895 4 60 -0.0000 0.000 0.000 0.000
104 32895 4 60 -0.0000 0.000 0.000 0.000
105 32895 4 60 -0.0000 0.000 0.000 0.000
106 32895 4 60 -0.0000 0.000 0.000 0.000
107 32895 4 60 -0.0000 0.000 0.000 0.000
108 32895 4 60 -0.0000 0.000 0.000 0.000
109 32895 4 60 -0.0000 0.000 0.000 0.000
110 32895 4 60 -0.0000 0.000 0.000 0.000
111 32895 4 60 -0.0000 0.000 0.000 0.000
112 32895 4 60 -0.0000 0.000 0.000 0.000
113 32895 4 60 -0.0000 0.000 0.000 0.000
114 32895 4 60 -0.0000 0.000 0.000 0.000
115 32895 4 60 -0.0000 0.000 0.000 0.000
116 32895 4 60 -0.0000 0.000 0.000 0.000
117 32895 4 60 -0.0000 0.000 0.000 0.000
118 32895 4 60 -0.0000 0.000 0.000 0.000
119 32895 4 60 -0.0000 0.000 0.000 0.000
120 32895 4 60 -0.0000 0.000 0.000 0.000
121 32895 4 60 -0.0000 0.000 0.000 0.000
122 32895 4 60 -0.0000 0.000 0.000 0.000
123 32895 4 60 -0.0000 0.000 0.000 0.000
124 32895 4 60 -0.0000 0.000 0.000 0.000
125 32895 4 60 -0.0000 0.000 0.000 0.000
126 32895 4 60 -0.0000 0.000 0.000 0.000
127 32895 4 60 -0.0000 0.000 0.000 0.000
128 32895 4 60 -0.0000 0.000 0.000 0.000
129 32895 4 60 -0.0000 0.000 0.000 0.000
130 32895 4 60 -0.0000 0.000 0.000 0.000
131 32895 4 60 -0.0000 0.000 0.000 0.000
132 32895 4 60 -0.0000 0.000 0.000 0.000
133 32895 4 60 -0.0000 0.000 0.000 0.000
134 32895 4 60 -0.0000 0.000 0.000 0.000
135 32895 4 60 -0.0000 0.000 0.000 0.000
136 32895 4 60 -0.0000 0.000 0.000 0.000
137 32895 4 60 -0.0000 0.000 0.000 0.000
138 32895 4 60 -0.0000 0.000 0.000 0.000
139 32895 4 60 -0.0000 0.000 0.000 0.000
140 32895 4 60 -0.0000 0.000 0.000 0.000
141 32895 4 60 -0.0000 0.000 0.000 0.000
142 32895 4 60 -0.0000 0.000 0.000 0.000
143 32895 4 60 -0.0000 0.000 0.000 0.000
144 32895 4 60 -0.0000 0.000 0.000 0.000
145 32895 4 60 -0.0000 0.000 0.000 0.000
146 32895 4 60 -0.0000 0.000 0.000 0.000
147 32895 4 60 -0.0000 0.000 0.000 0.000
148 32895 4 60 -0.0000 0.000 0.000 0.000
149 32895 4 60 -0.0000 0.000 0.000 0.000
150 32895 4 60 -0.0000 0.000 0.000 0.000
151 32895 4 60 -0.0000 0.000 0.000 0.000
152 32895 4 60 -0.0000 0.000 0.000 0.000
153 32895 4 60 -0.0000 0.000 0.000 0.000
154 32895 4 60 -0.0000 0.000 0.000 0.000
155 32895 4 60 -0.0000 0.000 0.000 0.000
156 32895 4 60 -0.0000 0.000 0.000 0.000
157 32895 4 60 -0.0000 0.000 0.000 0.000
158 32895 4 60 -0.0000 0.000 0.000 0.000
159 32895 4 60 -0.0000 0.000 0.000 0.000
160 32895 4 60 -0.0000 0.000 0.000 0.000
161 32895 4 60 -0.0000 0.000 0.000 0.000
162 32895 4 60 -0.0000 0.000 0.000 0.000
163 32895 4 60 -0.0000 0.000 0.000 0.000
164 32895 4 60 -0.0000 0.000 0.000 0.000
165 32895 4 60 -0.0000 0.000 0.000 0.000
166 32895 4 60 -0.0000 0.000 0.000 0.000
167 32895 4 60 -0.0000 0.000 0.000 0.000
168 32895 4 60 -0.0000 0.000 0.000 0.000
169 32895 4 60 -0.0000 0.000 0.000 0.000
170 32895 4 60 -0.0000 0.000 0.000 0.000
171 32895 4 60 -0.0000 0.000 0.000 0.000
172 32895 4 60 -0.0000 0.000 0.000 0.000
173 32895 4 60 -0.0000 0.000 0.000 0.000
174 32895 4 60 -0.0000 0.000 0.000 0.000
175 32895 4 60 -0.0000 0.000 0.000 0.000
176 32895 4 60 -0.0000 0.000 0.000 0.000
177 32895 4 60 -0.0000 0.000 0.000 0.000
178 32895 4 60 -0.0000 0.000 0.000 0.000
179 32895 4 60 -0.0000 0.000 0.000 0.000
180 32895 4 60 -0.0000 0.000 0.000 0.000
181 32895 4 60 -0.0000 0.000 0.000 0.000
182 32895 4 60 -0.0000 0.000 0.000 0.000
183 32895 4 60 -0.0000 0.000 0.000 0.000
184 32895 4 60 -0.0000 0.000 0.000 0.000
185 32895 4 60 -0.0000 0.000 0.000 0.000
186 32895 4 60 -0.0000 0.000 0.000 0.000
187 32895 4 60 -0.0000 0.000 0.000 0.000
188 32895 4 60 -0.0000 0.000 0.000 0.000
189 32895 4 60 -0.0000 0.000 0.000 0.000
190 32895 4 60 -0.0000 0.000 0.000 0.000
191 32895 4 60 -0.0000 0.000 0.000 0.000
192 32895 4 60 -0.0000 0.000 0.000 0.000
193 32895 4 60 -0.0000 0.000 0.000 0.000
194 32895 4 60 -0.0000 0.000 0.000 0.000
195 32895 4 60 -0.0000 0.000 0.000 0.000
196 32895 4 60 -0.0000 0.000 0.000 0.000
197 32895 4 60 -0.0000 0.000 0.000 0.000
198 32895 4 60 -0.0000 0.000 0.000 0.000
199 32895 4 60 -0.0000 0.000 0.000 0.000
200 32895 4 60 -0.0000 0.000 0.000 0.000
201 32895 4 60 -0.0000 0.000 0.000 0.000
202 32895 4 60 -0.0000 0.000 0.000 0.000
203 32895 4 60 -0.0000 0.000 0.000 0.000
204 32895 4 60 -0.0000 0.000 0.000 0.000
205 32895 4 60 -0.0000 0.000 0.000 0.000
206 32895 4 60 -0.0000 0.000 0.000 0.000
207 32895 4 60 -0.0000 0.000 0.000 0.000
208 32895 4 60 -0.0000 0.000 0.000 0.000
209 32895 4 60 -0.0000 0.000 0.000 0.000
210 32895 4 60 -0.0000 0.000 0.000 0.000
211 32895 4 60 -0.0000 0.000 0.000 0.000
212 32895 4 60 -0.0000 0.000 0.000 0.000
213 32895 4 60 -0.0000 0.000 0.000 0.000
214 32895 4 60 -0.0000 0.000 0.000 0.000
215 32895 4 60 -0.0000 0.000 0.000 0.000
216 32895 4 60 -0.0000 0.000 0.000 0.000
217 32895 4 60 -0.0000 0.000 0.000 0.000
218 32895 4 60 -0.0000 0.000 0.000 0.000
219 32895 4 60 -0.0000 0.000 0.000 0.000
220 32895 4 60 -0.0000 0.000 0.000 0.000
221 32895 4 60 -0.0000 0.000 0.000 0.000
222 32895 4 60 -0.0000 0.000 0.000 0.000
223 32895 4 60 -0.0000 0.000 0.000 0.000
224 32895 4 60 -0.0000 0.000 0.000 0.000
225 32895 4 60 -0.0000 0.000 0.000 0.000
226 32895 4 60 -0.0000 0.000 0.000 0.000
227 32895 4 60 -0.0000 0.000 0.000 0.000
228 32895 4 60 -0.0000 0.000 0.000 0.000
229 32895 4 60 -0.0000 0.000 0.000 0.000
230 32895 4 60 -0.0000 0.000 0.000 0.000
231 32895 4 60 -0.0000 0.000 0.000 0.000
232 32895 4 60 -0.0000 0.000 0.000 0.000
233 32895 4 60 -0.0000 0.000 0.000 0.000
234 32895 4 60 -0.0000 0.000 0.000 0.000
235 32895 4 60 -0.0000 0.000 0.000 0.000
236 32895 4 60 -0.0000 0.000 0.000 0.000
237 32895 4 60 -0.0000 0.000 0.000 0.000
238 32895 4 60 -0.0000 0.000 0.000 0.000
239 32895 4 60 -0.0000 0.000 0.000 0.000
240 32895 4 60 -0.0000 0.000 0.000 0.000
241 32895 4 60 -0.0000 0.000 0.000 0.000
242 32895 4 60 -0.0000 0.000 0.000 0.000
243 32895 4 60 -0.0000 0.000 0.000 0.000
244 32895 4 60 -0.0000 0.000 0.000 0.000
245 32895 4 60 -0.0000 0.000 0.000 0.000
246 32895 4 60 -0.0000 0.000 0.000 0.000
247 32895 4 60 -0.0000 0.000 0.000 0.000
248 32895 4 60 -0.0000 0.000 0.000 0.000
249 32895 4 60 -0.0000 0.000 0.000 0.000
250 32895 4 60 -0.0000 0.000 0.000 0.000
251 32895 4 60 -0.0000 0.000 0.000 0.000
252 32895 4 60 -0.0000 0.000 0.000 0.000
253 32895 4 60 -0.0000 0.000 0.000 0.000
254 32895 4 60 -0.0000 0.000 0.000 0.000
255 32895 4 60 -0.0000 0.000 0.000 0.000
256 32895 4 60 -0.0000 0.000 0.000 0.000
257 32895 4 60 -0.0000 0.000 0.000 0.000
258 32895 4 60 -0.0000 0.000 0.000 0.000
259 32895 4 60 -0.0000 0.000 0.000 0.000
260 32895 4 60 -0.0000 0.000 0.000 0.000
261 32895 4 60 -0.0000 0.000 0.000 0.000
262 32895 4 60 -0.0000 0.000 0.000 0.000
263 32895 4 60 -0.0000 0.000 0.000 0.000
264 32895 4 60 -0.0000 0.000 0.000 0.000
265 32895 4 60 -0.0000 0.000 0.000 0.000
266 32895 4 60 -0.0000 0.000 0.000 0.000
267 32895 4 60 -0.0000 0.000 0.000 0.000
268 32895 4 60 -0.0000 0.000 0.000 0.000
269 32895 4 60 -0.0000 0.000 0.000 0.000
270 32895 4 60 -0.0000 0.000 0.000 0.000
271 32895 4 60 -0.0000 0.000 0.000 0.000
272 32895 4 60 -0.0000 0.000 0.000 0.000
273 32895 4 60 -0.0000 0.000 0.000 0.000
274 32895 4 60 -0.0000 0.000 0.000 0.000
275 32895 4 60 -0.0000 0.000 0.000 0.000
276 32895 4 60 -0.0000 0.000 0.000 0.000
277 32895 4 60 -0.0000 0.000 0.000 0.000
278 32895 4 60 -0.0000 0.000 0.000 0.000
279 32895 4 60 -0.0000 0.000 0.000 0.000
280 32895 4 60 -0.0000 0.000 0.000 0.000
281 32895 4 60 -0.0000 0.000 0.000 0.000
282 32895 4 60 -0.0000 0.000 0.000 0.000
283 32895 4 60 -0.0000 0.000 0.000 0.000
284 32895 4 60 -0.0000 0.000 0.000 0.000
285 32895 4 60 -0.0000 0.000 0.000 0.000
286 32895 4 60 -0.0000 0.000 0.000 0.000
287 32895 4 60 -0.0000 0.000 0.000 0.000
288 32895 4 60 -0.0000 0.000 0.000 0.000
289 32895 4 60 -0.0000 0.000 0.000 0.000
290 32895 4 60 -0.0000 0.000 0.000 0.000
291 32895 4 60 -0.0000 0.000 0.000 0.000
292 32895 4 60 -0.0000 0.000 0.000 0.000
293 32895 4 60 -0.0000 0.000 0.000 0.000
294 32895 4 60 -0.0000 0.000 0.000 0.000
295 32895 4 60 -0.0000 0.000 0.000 0.000
296 32895 4 60 -0.0000 0.000 0.000 0.000
297 32895 4 60 -0.0000 0.000 0.000 0.000
298 32895 4 60 -0.0000 0.000 0.000 0.000
299 32895 4 60 -0.0000 0.000 0.000 0.000
