0 30845 4 60 30.0000 90.040 179.816 -90.226
1 30845 4 60 30.0000 90.040 179.816 -90.226
2 30845 4 60 30.0000 90.040 179.816 -90.226
3 30845 4 60 30.0000 90.060 -179.969 -90.006
4 30845 4 60 30.0000 90.060 -179.969 -90.006
5 30845 4 60 30.0000 90.060 -179.969 -90.006
6 30845 4 60 30.0000 90.060 -179.969 -90.006
7 30845 4 60 30.0000 90.060 -179.969 -90.006
8 30845 4 60 30.0000 90.060 -179.969 -90.006
9 30845 4 60 30.0000 90.060 -179.969 -90.006
10 30845 4 60 30.0000 90.060 -179.969 -90.006
11 30845 4 60 30.0000 90.000 179.998 -90.013
12 30845 4 60 30.0000 90.000 179.998 -90.013
13 30845 4 60 30.0000 90.000 179.998 -90.013
14 30845 4 60 30.0000 90.000 179.998 -90.013
15 30845 4 60 30.0000 90.000 179.998 -90.013
16 30845 4 60 30.0000 90.000 179.998 -90.013
17 30845 4 60 30.0000 90.001 -179.995 -89.999
18 30845 4 60 30.0000 90.001 -179.995 -89.999
19 30845 4 60 30.0000 90.001 -179.995 -89.999
20 30845 4 60 30.0000 90.001 -179.995 -89.999
21 30845 4 60 30.0000 90.001 -179.995 -89.999
22 30845 4 60 30.0000 90.001 -179.995 -89.999
23 30845 4 60 30.0000 90.001 -179.995 -89.999
24 30845 4 60 30.0000 90.036 179.816 -90.196
25 30845 4 60 30.0000 90.036 179.816 -90.196
26 30845 4 60 30.0000 90.036 179.816 -90.196
27 30845 4 60 30.0000 90.036 179.816 -90.196
28 30845 4 60 30.0000 90.036 179.816 -90.196
29 30845 4 60 30.0000 90.036 179.816 -90.196
30 30845 4 60 30.0000 90.012 179.983 -90.029
31 30845 4 60 30.0000 90.012 179.983 -90.029
32 30845 4 60 30.0000 90.012 179.983 -90.029
33 30845 4 60 30.0000 90.012 179.983 -90.029
34 30845 4 60 30.0000 90.012 179.983 -90.029
35 30845 4 60 30.0000 90.012 179.983 -90.029
36 30845 4 60 30.0000 90.012 179.983 -90.029
37 30845 4 60 30.0000 90.012 179.983 -90.029
38 30845 4 60 30.0000 90.012 179.983 -90.029
39 30845 4 60 30.0000 90.012 179.983 -90.029
40 30845 4 60 30.0000 90.012 179.983 -90.029
41 30845 4 60 30.0000 90.012 179.983 -90.029
42 30845 4 60 30.0000 89.901 179.268 -90.101
43 30845 4 276 30.0000 90.054 -179.964 -90.003
44 30845 4 60 30.0000 90.046 -179.938 -90.006
45 30845 4 60 30.0000 90.046 -179.938 -90.006
46 30845 4 60 30.0000 90.046 -179.938 -90.006
47 30845 4 60 30.0000 90.046 -179.938 -90.006
48 30845 4 60 30.0000 90.046 -179.938 -90.006
49 30845 4 60 30.0000 90.046 -179.938 -90.006
50 30845 4 60 30.0000 90.046 -179.938 -90.006
51 30845 4 60 30.0000 90.046 -179.938 -90.006
52 30845 4 60 30.0000 90.046 -179.938 -90.006
53 30845 4 60 30.0000 90.046 -179.938 -90.006
54 30845 4 60 30.0000 90.042 -179.987 -89.986
55 30845 4 60 30.0000 90.042 -179.987 -89.986
56 30845 4 60 30.0000 90.042 -179.987 -89.986
57 30845 4 60 30.0000 90.042 -179.987 -89.986
58 30845 4 60 30.0000 90.042 -179.987 -89.986
59 30845 4 60 30.0000 90.042 -179.987 -89.986
60 30845 4 60 30.0000 90.042 -179.987 -89.986
61 30845 4 60 30.0000 90.042 -179.987 -89.986
62 30845 4 60 30.0000 90.042 -179.987 -89.986
63 30845 4 60 30.0000 90.042 -179.987 -89.986
64 30845 4 60 30.0000 90.119 -179.894 -90.002
65 30845 4 60 30.0000 90.119 -179.894 -90.002
66 30845 4 60 30.0000 90.119 -179.894 -90.002
67 30845 4 60 30.0000 90.119 -179.894 -90.002
68 30845 4 60 30.0000 90.119 -179.894 -90.002
69 30845 4 60 30.0000 90.119 -179.894 -90.002
70 30845 4 60 30.0000 90.119 -179.894 -90.002
71 30845 4 60 30.0000 90.119 -179.894 -90.002
72 30845 4 60 30.0000 90.119 -179.894 -90.002
73 30845 4 60 30.0000 90.119 -179.894 -90.002
74 30845 4 60 30.0000 90.119 -179.894 -90.002
75 30845 4 60 30.0000 90.114 179.741 -90.215
76 30845 4 60 30.0000 90.048 -179.959 -89.992
77 30845 4 60 30.0000 90.048 -179.959 -89.992
78 30845 4 60 30.0000 90.048 -179.959 -89.992
79 30845 4 60 30.0000 90.048 -179.959 -89.992
80 30845 4 60 30.0000 90.048 -179.959 -89.992
81 30845 4 60 30.0000 90.048 -179.959 -89.992
82 30845 4 60 30.0000 90.048 -179.959 -89.992
83 30845 4 60 30.0000 90.048 -179.959 -89.992
84 30845 4 60 30.0000 90.048 -179.959 -89.992
85 30845 4 60 30.0000 90.048 -179.959 -89.992
86 30845 4 60 30.0000 90.048 -179.959 -89.992
87 30845 4 60 30.0000 90.000 -179.970 -90.001
88 30845 4 60 30.0000 90.000 -179.970 -90.001
89 30845 4 60 30.0000 90.000 -179.970 -90.001
90 30845 4 60 30.0000 90.000 -179.970 -90.001
91 30845 4 60 30.0000 90.000 -179.970 -90.001
92 30845 4 60 30.0000 90.000 -179.970 -90.001
93 30845 4 60 30.0000 90.080 -179.928 -89.986
94 30845 4 60 30.0000 90.080 -179.928 -89.986
95 30845 4 60 30.0000 90.080 -179.928 -89.986
96 30845 4 60 30.0000 90.080 -179.928 -89.986
97 30845 4 60 30.0000 90.080 -179.928 -89.986
98 30845 4 60 30.0000 90.080 -179.928 -89.986
99 30845 4 60 30.0000 90.080 -179.928 -89.986
100 30845 4 60 30.0000 90.080 -179.928 -89.986
101 30845 4 60 30.0000 90.080 -179.928 -89.986
102 30845 4 60 30.0000 90.080 -179.928 -89.986
103 30845 4 60 30.0000 90.033 -179.916 -89.967
104 30845 4 60 30.0000 90.033 -179.916 -89.967
105 30845 4 60 30.0000 90.033 -179.916 -89.967
106 30845 4 60 30.0000 90.033 -179.916 -89.967
107 30845 4 60 30.0000 90.033 -179.916 -89.967
108 30845 4 60 30.0000 90.033 -179.916 -89.967
109 30845 4 60 30.0000 90.033 -179.916 -89.967
110 30845 4 60 30.0000 90.033 -179.916 -89.967
111 30845 4 60 30.0000 90.033 -179.916 -89.967
112 30845 4 60 30.0000 90.033 -179.916 -89.967
113 30845 4 60 30.0000 90.033 -179.916 -89.967
114 30845 4 60 30.0000 90.033 -179.916 -89.967
115 30845 4 60 30.0000 90.033 -179.916 -89.967
116 30845 4 60 30.0000 89.797 179.794 -90.207
117 30845 4 60 30.0000 89.797 179.794 -90.207
118 30845 4 60 30.0000 89.797 179.794 -90.207
119 30845 4 60 30.0000 89.797 179.794 -90.207
120 30845 4 60 30.0000 89.797 179.794 -90.207
121 30845 4 60 30.0000 89.797 179.794 -90.207
122 30845 4 60 30.0000 90.032 -179.969 -89.972
123 30845 4 60 30.0000 90.009 179.979 -90.003
124 30845 4 60 30.0000 90.009 179.979 -90.003
125 30845 4 60 30.0000 90.009 179.979 -90.003
126 30845 4 60 30.0000 90.009 179.979 -90.003
127 30845 4 60 30.0000 90.009 179.979 -90.003
128 30845 4 60 30.0000 90.009 179.979 -90.003
129 30845 4 60 30.0000 90.009 179.979 -90.003
130 30845 4 60 30.0000 90.051 -179.944 -90.000
131 30845 4 60 30.0000 90.051 -179.944 -90.000
132 30845 4 60 30.0000 90.051 -179.944 -90.000
133 30845 4 60 30.0000 90.051 -179.944 -90.000
134 30845 4 60 30.0000 90.051 -179.944 -90.000
135 30845 4 60 30.0000 90.051 -179.944 -90.000
136 30845 4 60 30.0000 90.051 -179.944 -90.000
137 30845 4 60 30.0000 90.051 -179.944 -90.000
138 30845 4 60 30.0000 90.051 -179.944 -90.000
139 30845 4 60 30.0000 90.051 -179.944 -90.000
140 30845 4 60 30.0000 90.051 -179.944 -90.000
141 30845 4 60 30.0000 90.051 -179.944 -90.000
142 30845 4 60 30.0000 90.001 -179.996 -89.996
143 30845 4 60 30.0000 90.001 -179.996 -89.996
144 30845 4 60 30.0000 90.001 -179.996 -89.996
145 30845 4 60 30.0000 90.001 -179.996 -89.996
146 30845 4 60 30.0000 90.001 -179.996 -89.996
147 30845 4 60 30.0000 90.001 -179.996 -89.996
148 30845 4 60 30.0000 90.001 -179.996 -89.996
149 30845 4 60 30.0000 90.069 -179.969 -90.004
150 30845 4 60 30.0000 90.069 -179.969 -90.004
151 30845 4 60 30.0000 90.069 -179.969 -90.004
152 30845 4 60 30.0000 90.069 -179.969 -90.004
153 30845 4 60 30.0000 90.069 -179.969 -90.004
154 30845 4 60 30.0000 90.069 -179.969 -90.004
155 30845 4 60 30.0000 90.069 -179.969 -90.004
156 30845 4 60 30.0000 90.069 -179.969 -90.004
157 30845 4 60 30.0000 90.069 -179.969 -90.004
158 30845 4 60 30.0000 90.110 179.843 -90.189
159 30845 4 60 30.0000 90.110 179.843 -90.189
160 30845 4 60 30.0000 90.110 179.843 -90.189
161 30845 4 60 30.0000 90.110 179.843 -90.189
162 30845 4 60 30.0000 90.110 179.843 -90.189
163 30845 4 60 30.0000 90.110 179.843 -90.189
164 30845 4 60 30.0000 90.110 179.843 -90.189
165 30845 4 60 30.0000 90.110 179.843 -90.189
166 30845 4 60 30.0000 90.110 179.843 -90.189
167 30845 4 60 30.0000 90.110 179.843 -90.189
168 30845 4 60 30.0000 90.058 179.812 -89.999
169 30845 4 60 30.0000 90.058 179.812 -89.999
170 30845 4 60 30.0000 90.058 179.812 -89.999
171 30845 4 60 30.0000 90.058 179.812 -89.999
172 30845 4 60 30.0000 90.058 179.812 -89.999
173 30845 4 60 30.0000 90.058 179.812 -89.999
174 30845 4 60 30.0000 90.058 179.812 -89.999
175 30845 4 60 30.0000 90.058 179.812 -89.999
176 30845 4 60 30.0000 90.058 179.812 -89.999
177 30845 4 60 30.0000 90.058 179.812 -89.999
178 30845 4 60 30.0000 90.058 179.812 -89.999
179 30845 4 60 30.0000 90.003 179.974 -90.029
180 30845 4 60 30.0000 90.003 179.974 -90.029
181 30845 4 60 30.0000 90.003 179.974 -90.029
182 30845 4 60 30.0000 90.003 179.974 -90.029
183 30845 4 60 30.0000 90.003 179.974 -90.029
184 30845 4 60 30.0000 90.003 179.974 -90.029
185 30845 4 60 30.0000 90.003 179.974 -90.029
186 30845 4 60 30.0000 90.003 179.974 -90.029
187 30845 4 60 30.0000 90.003 179.974 -90.029
188 30845 4 60 30.0000 90.099 -179.928 -90.018
189 30845 4 60 30.0000 90.099 -179.928 -90.018
190 30845 4 60 30.0000 90.099 -179.928 -90.018
191 30845 4 60 30.0000 90.099 -179.928 -90.018
192 30845 4 60 30.0000 90.099 -179.928 -90.018
193 30845 4 60 30.0000 90.099 -179.928 -90.018
194 30845 4 60 30.0000 90.099 -179.928 -90.018
195 30845 4 60 30.0000 90.099 -179.928 -90.018
196 30845 4 60 30.0000 90.099 -179.928 -90.018
197 30845 4 60 30.0000 90.099 -179.928 -90.018
198 30845 4 60 30.0000 90.124 -179.906 -89.961
199 30845 4 60 30.0000 90.124 -179.906 -89.961
200 30845 4 60 30.0000 90.124 -179.906 -89.961
201 30845 4 60 30.0000 90.124 -179.906 -89.961
202 30845 4 60 30.0000 90.124 -179.906 -89.961
203 30845 4 60 30.0000 90.124 -179.906 -89.961
204 30845 4 60 30.0000 90.124 -179.906 -89.961
205 30845 4 60 30.0000 90.124 -179.906 -89.961
206 30845 4 60 30.0000 90.124 -179.906 -89.961
207 30845 4 60 30.0000 90.027 179.999 -90.033
208 30845 4 60 30.0000 90.027 179.999 -90.033
209 30845 4 60 30.0000 90.027 179.999 -90.033
210 30845 4 60 30.0000 90.027 179.999 -90.033
211 30845 4 60 30.0000 90.027 179.999 -90.033
212 30845 4 60 30.0000 90.027 179.999 -90.033
213 30845 4 60 30.0000 90.027 179.999 -90.033
214 30845 4 60 30.0000 90.027 179.999 -90.033
215 30845 4 60 30.0000 90.027 179.999 -90.033
216 30845 4 60 30.0000 90.027 179.999 -90.033
217 30845 4 60 30.0000 90.027 179.999 -90.033
218 30845 4 60 30.0000 90.081 179.817 -89.988
219 30845 4 60 30.0000 90.081 179.817 -89.988
220 30845 4 60 30.0000 90.081 179.817 -89.988
221 30845 4 60 30.0000 90.081 179.817 -89.988
222 30845 4 60 30.0000 90.081 179.817 -89.988
223 30845 4 60 30.0000 90.081 179.817 -89.988
224 30845 4 60 30.0000 90.081 179.817 -89.988
225 30845 4 60 30.0000 90.081 179.817 -89.988
226 30845 4 60 30.0000 90.081 179.817 -89.988
227 30845 4 60 30.0000 90.081 179.817 -89.988
228 30845 4 60 30.0000 90.081 179.817 -89.988
229 30845 4 60 30.0000 90.081 179.817 -89.988
230 30845 4 60 30.0000 90.086 -179.967 -89.966
231 30845 4 60 30.0000 90.086 -179.967 -89.966
232 30845 4 60 30.0000 90.086 -179.967 -89.966
233 30845 4 60 30.0000 90.086 -179.967 -89.966
234 30845 4 60 30.0000 90.086 -179.967 -89.966
235 30845 4 60 30.0000 90.086 -179.967 -89.966
236 30845 4 60 30.0000 90.086 -179.967 -89.966
237 30845 4 60 30.0000 90.086 -179.967 -89.966
238 30845 4 60 30.0000 90.023 -179.967 -90.008
239 30845 4 60 30.0000 90.023 -179.967 -90.008
240 30845 4 60 30.0000 90.023 -179.967 -90.008
241 30845 4 60 30.0000 90.023 -179.967 -90.008
242 30845 4 60 30.0000 90.023 -179.967 -90.008
243 30845 4 60 30.0000 90.023 -179.967 -90.008
244 30845 4 60 30.0000 90.023 -179.967 -90.008
245 30845 4 60 30.0000 90.023 -179.967 -90.008
246 30845 4 60 30.0000 90.023 -179.967 -90.008
247 30845 4 60 30.0000 90.023 -179.967 -90.008
248 30845 4 60 30.0000 90.023 -179.967 -90.008
249 30845 4 60 30.0000 90.032 180.000 -89.997
250 30845 4 60 30.0000 90.032 180.000 -89.997
251 30845 4 60 30.0000 90.032 180.000 -89.997
252 30845 4 60 30.0000 90.032 180.000 -89.997
253 30845 4 60 30.0000 90.032 180.000 -89.997
254 30845 4 60 30.0000 90.032 180.000 -89.997
255 30845 4 60 30.0000 90.032 180.000 -89.997
256 30845 4 60 30.0000 90.032 180.000 -89.997
257 30845 4 60 30.0000 90.032 180.000 -89.997
258 30845 4 60 30.0000 90.032 180.000 -89.997
259 30845 4 60 30.0000 90.062 179.874 -89.995
260 30845 4 60 30.0000 90.062 179.874 -89.995
261 30845 4 60 30.0000 90.062 179.874 -89.995
262 30845 4 60 30.0000 90.062 179.874 -89.995
263 30845 4 60 30.0000 90.062 179.874 -89.995
264 30845 4 60 30.0000 90.062 179.874 -89.995
265 30845 4 60 30.0000 90.062 179.874 -89.995
266 30845 4 60 30.0000 90.062 179.874 -89.995
267 30845 4 60 30.0000 90.062 179.874 -89.995
268 30845 4 60 30.0000 90.062 179.874 -89.995
269 30845 4 60 30.0000 90.062 179.874 -89.995
270 30845 4 60 30.0000 90.027 -179.996 -89.997
271 30845 4 60 30.0000 90.027 -179.996 -89.997
272 30845 4 60 30.0000 90.027 -179.996 -89.997
273 30845 4 60 30.0000 90.027 -179.996 -89.997
274 30845 4 60 30.0000 90.027 -179.996 -89.997
275 30845 4 60 30.0000 90.027 -179.996 -89.997
276 30845 4 60 30.0000 90.027 -179.996 -89.997
277 30845 4 60 30.0000 90.027 -179.996 -89.997
278 30845 4 60 30.0000 90.027 -179.996 -89.997
279 30845 4 60 30.0000 90.027 -179.996 -89.997
280 30845 4 60 30.0000 90.040 -179.999 -89.999
281 30845 4 60 30.0000 90.040 -179.999 -89.999
282 30845 4 60 30.0000 90.040 -179.999 -89.999
283 30845 4 60 30.0000 90.040 -179.999 -89.999
284 30845 4 60 30.0000 90.040 -179.999 -89.999
285 30845 4 60 30.0000 90.040 -179.999 -89.999
286 30845 4 60 30.0000 90.040 -179.999 -89.999
287 30845 4 60 30.0000 90.040 -179.999 -89.999
288 30845 4 60 30.0000 90.040 -179.999 -89.999
289 30845 4 60 30.0000 90.040 -179.999 -89.999
290 30845 4 60 30.0000 90.011 -179.996 -90.001
291 30845 4 60 30.0000 90.011 -179.996 -90.001
292 30845 4 60 30.0000 90.011 -179.996 -90.001
293 30845 4 60 30.0000 90.011 -179.996 -90.001
294 30845 4 60 30.0000 90.011 -179.996 -90.001
295 30845 4 60 30.0000 90.011 -179.996 -90.001
296 30845 4 60 30.0000 90.011 -179.996 -90.001
297 30845 4 60 30.0000 90.011 -179.996 -90.001
298 30845 4 60 30.0000 90.011 -179.996 -90.001
299 30845 4 60 30.0000 90.011 -179.996 -90.001
