4277 2 4 -311.000000 184.000000 -286.000000 223.000000 0.000000 0.000000 0.000000 0.000000 -58.000000 32.000000 -54.000000 47.000000 0.000000 0.000000 0.000000 0.000000
4277 2 4 -311.000000 184.000000 -286.000000 223.000000 0.000000 0.000000 0.000000 0.000000 -58.000000 32.000000 -54.000000 47.000000 0.000000 0.000000 0.000000 0.000000
4277 2 4 -311.000000 184.000000 -286.000000 223.000000 0.000000 0.000000 0.000000 0.000000 -58.000000 32.000000 -54.000000 47.000000 0.000000 0.000000 0.000000 0.000000
4277 2 4 -311.000000 184.000000 -286.000000 223.000000 0.000000 0.000000 0.000000 0.000000 -58.000000 32.000000 -54.000000 47.000000 0.000000 0.000000 0.000000 0.000000
4277 2 4 -311.000000 184.000000 -286.000000 223.000000 0.000000 0.000000 0.000000 0.000000 -58.000000 32.000000 -54.000000 47.000000 0.000000 0.000000 0.000000 0.000000
4277 2 4 -311.000000 184.000000 -286.000000 223.000000 0.000000 0.000000 0.000000 0.000000 -58.000000 32.000000 -54.000000 47.000000 0.000000 0.000000 0.000000 0.000000
4277 2 4 -311.000000 184.000000 -286.000000 223.000000 0.000000 0.000000 0.000000 0.000000 -58.000000 32.000000 -54.000000 47.000000 0.000000 0.000000 0.000000 0.000000
4277 2 4 -311.000000 184.000000 -286.000000 223.000000 0.000000 0.000000 0.000000 0.000000 -58.000000 32.000000 -54.000000 47.000000 0.000000 0.000000 0.000000 0.000000
4277 2 4 -311.000000 184.000000 -286.000000 223.000000 0.000000 0.000000 0.000000 0.000000 -58.000000 32.000000 -54.000000 47.000000 0.000000 0.000000 0.000000 0.000000
4277 2 4 -311.000000 184.000000 -286.000000 223.000000 0.000000 0.000000 0.000000 0.000000 -58.000000 32.000000 -54.000000 47.000000 0.000000 0.000000 0.000000 0.000000
4277 2 80 -312.000000 185.000000 -280.000000 223.000000 -247.000000 253.000000 -210.000000 291.000000 -170.000000 312.000000 -129.000000 332.000000 -86.000000 345.000000 -39.000000 355.000000 7.000000 353.000000 58.000000 352.000000 104.000000 342.000000 144.000000 324.000000 187.000000 303.000000 222.000000 277.000000 259.000000 244.000000 289.000000 208.000000 317.000000 166.000000 334.000000 124.000000 349.000000 78.000000 357.000000 32.000000 356.000000 -20.000000 354.000000 -63.000000 344.000000 -105.000000 329.000000 -152.000000 303.000000 -194.000000 276.000000 -229.000000 245.000000 -264.000000 207.000000 -291.000000 165.000000 -319.000000 123.000000 -340.000000 78.000000 -353.000000 31.000000 -359.000000 -16.000000 -359.000000 -56.000000 -356.000000 -106.000000 -347.000000 -151.000000 -326.000000 -194.000000 -308.000000 -231.000000 -277.000000 -264.000000 -248.000000 -296.000000 -213.000000 0.000000 0.000000 0.000000 0.000000 0.000000 0.000000 0.000000 0.000000 0.000000 0.000000 0.000000 0.000000 0.000000 0.000000 0.000000 0.000000 0.000000 0.000000 0.000000 0.000000 0.000000 0.000000 0.000000 0.000000 0.000000 0.000000 0.000000 0.000000 0.000000 0.000000 0.000000 0.000000 0.000000 0.000000 0.000000 0.000000 0.000000 0.000000 0.000000 0.000000 0.000000 0.000000 0.000000 0.000000 0.000000 0.000000 0.000000 0.000000 0.000000 0.000000 0.000000 0.000000 0.000000 0.000000 0.000000 0.000000 0.000000 0.000000 0.000000 0.000000 0.000000 0.000000 0.000000 0.000000 0.000000 0.000000 0.000000 0.000000 0.000000 0.000000 0.000000 0.000000 0.000000 0.000000 0.000000 0.000000 0.000000 0.000000 0.000000 0.000000 -64.000000 38.000000 -60.000000 40.000000 -54.000000 47.000000 -47.000000 54.000000 -40.000000 59.000000 -31.000000 64.000000 -23.000000 68.000000 -14.000000 70.000000 -4.000000 71.000000 5.000000 71.000000 14.000000 70.000000 23.000000 67.000000 32.000000 63.000000 40.000000 59.000000 47.000000 53.000000 54.000000 46.000000 59.000000 39.000000 64.000000 30.000000 68.000000 22.000000 70.000000 13.000000 69.000000 -9.000000 63.000000 -9.000000 68.000000 -16.000000 67.000000 -26.000000 63.000000 -35.000000 59.000000 -41.000000 52.000000 -52.000000 46.000000 -55.000000 38.000000 -62.000000 30.000000 -65.000000 22.000000 -68.000000 13.000000 -71.000000 4.000000 -72.000000 -6.000000 -72.000000 -15.000000 -71.000000 -24.000000 -68.000000 -35.000000 -64.000000 -43.000000 -59.000000 -48.000000 -54.000000 -55.000000 -47.000000 0.000000 0.000000 0.000000 0.000000 0.000000 0.000000 0.000000 0.000000 0.000000 0.000000 0.000000 0.000000 0.000000 0.000000 0.000000 0.000000 0.000000 0.000000 0.000000 0.000000 0.000000 0.000000 0.000000 0.000000 0.000000 0.000000 0.000000 0.000000 0.000000 0.000000 0.000000 0.000000 0.000000 0.000000 0.000000 0.000000 0.000000 0.000000 0.000000 0.000000 0.000000 0.000000 0.000000 0.000000 0.000000 0.000000 0.000000 0.000000 0.000000 0.000000 0.000000 0.000000 0.000000 0.000000 0.000000 0.000000 0.000000 0.000000 0.000000 0.000000 0.000000 0.000000 0.000000 0.000000 0.000000 0.000000 0.000000 0.000000 0.000000 0.000000 0.000000 0.000000 0.000000 0.000000 0.000000 0.000000 0.000000 0.000000 0.000000 0.000000
4277 2 8 -310.000000 185.000000 -278.000000 222.000000 -247.000000 253.000000 -213.000000 288.000000 0.000000 0.000000 0.000000 0.000000 0.000000 0.000000 0.000000 0.000000 -62.000000 34.000000 -60.000000 40.000000 -54.000000 47.000000 -47.000000 54.000000 0.000000 0.000000 0.000000 0.000000 0.000000 0.000000 0.000000 0.000000
4277 2 8 -310.000000 185.000000 -278.000000 222.000000 -247.000000 253.000000 -213.000000 288.000000 0.000000 0.000000 0.000000 0.000000 0.000000 0.000000 0.000000 0.000000 -62.000000 34.000000 -60.000000 40.000000 -54.000000 47.000000 -47.000000 54.000000 0.000000 0.000000 0.000000 0.000000 0.000000 0.000000 0.000000 0.000000
4277 2 8 -310.000000 185.000000 -278.000000 222.000000 -247.000000 253.000000 -213.000000 288.000000 0.000000 0.000000 0.000000 0.000000 0.000000 0.000000 0.000000 0.000000 -62.000000 34.000000 -60.000000 40.000000 -54.000000 47.000000 -47.000000 54.000000 0.000000 0.000000 0.000000 0.000000 0.000000 0.000000 0.000000 0.000000
4277 2 8 -310.000000 185.000000 -278.000000 222.000000 -247.000000 253.000000 -213.000000 288.000000 0.000000 0.000000 0.000000 0.000000 0.000000 0.000000 0.000000 0.000000 -62.000000 34.000000 -60.000000 40.000000 -54.000000 47.000000 -47.000000 54.000000 0.000000 0.000000 0.000000 0.000000 0.000000 0.000000 0.000000 0.000000
4277 2 8 -310.000000 185.000000 -278.000000 222.000000 -247.000000 253.000000 -213.000000 288.000000 0.000000 0.000000 0.000000 0.000000 0.000000 0.000000 0.000000 0.000000 -62.000000 34.000000 -60.000000 40.000000 -54.000000 47.000000 -47.000000 54.000000 0.000000 0.000000 0.000000 0.000000 0.000000 0.000000 0.000000 0.000000
4277 2 8 -310.000000 185.000000 -278.000000 222.000000 -247.000000 253.000000 -213.000000 288.000000 0.000000 0.000000 0.000000 0.000000 0.000000 0.000000 0.000000 0.000000 -62.000000 34.000000 -60.000000 40.000000 -54.000000 47.000000 -47.000000 54.000000 0.000000 0.000000 0.000000 0.000000 0.000000 0.000000 0.000000 0.000000
4277 2 8 -310.000000 185.000000 -278.000000 222.000000 -247.000000 253.000000 -213.000000 288.000000 0.000000 0.000000 0.000000 0.000000 0.000000 0.000000 0.000000 0.000000 -62.000000 34.000000 -60.000000 40.000000 -54.000000 47.000000 -47.000000 54.000000 0.000000 0.000000 0.000000 0.000000 0.000000 0.000000 0.000000 0.000000
4277 2 8 -310.000000 185.000000 -278.000000 222.000000 -247.000000 253.000000 -213.000000 288.000000 0.000000 0.000000 0.000000 0.000000 0.000000 0.000000 0.000000 0.000000 -62.000000 34.000000 -60.000000 40.000000 -54.000000 47.000000 -47.000000 54.000000 0.000000 0.000000 0.000000 0.000000 0.000000 0.000000 0.000000 0.000000
4277 2 8 -310.000000 185.000000 -278.000000 222.000000 -247.000000 253.000000 -213.000000 288.000000 0.000000 0.000000 0.000000 0.000000 0.000000 0.000000 0.000000 0.000000 -62.000000 34.000000 -60.000000 40.000000 -54.000000 47.000000 -47.000000 54.000000 0.000000 0.000000 0.000000 0.000000 0.000000 0.000000 0.000000 0.000000
4277 2 8 -310.000000 185.000000 -278.000000 222.000000 -247.000000 253.000000 -213.000000 288.000000 0.000000 0.000000 0.000000 0.000000 0.000000 0.000000 0.000000 0.000000 -62.000000 34.000000 -60.000000 40.000000 -54.000000 47.000000 -47.000000 54.000000 0.000000 0.000000 0.000000 0.000000 0.000000 0.000000 0.000000 0.000000
4277 2 8 -310.000000 185.000000 -278.000000 222.000000 -247.000000 253.000000 -213.000000 288.000000 0.000000 0.000000 0.000000 0.000000 0.000000 0.000000 0.000000 0.000000 -62.000000 34.000000 -60.000000 40.000000 -54.000000 47.000000 -47.000000 54.000000 0.000000 0.000000 0.000000 0.000000 0.000000 0.000000 0.000000 0.000000
4277 2 8 -310.000000 185.000000 -278.000000 222.000000 -247.000000 253.000000 -213.000000 288.000000 0.000000 0.000000 0.000000 0.000000 0.000000 0.000000 0.000000 0.000000 -62.000000 34.000000 -60.000000 40.000000 -54.000000 47.000000 -47.000000 54.000000 0.000000 0.000000 0.000000 0.000000 0.000000 0.000000 0.000000 0.000000
4277 2 8 -310.000000 185.000000 -278.000000 222.000000 -247.000000 253.000000 -213.000000 288.000000 0.000000 0.000000 0.000000 0.000000 0.000000 0.000000 0.000000 0.000000 -62.000000 34.000000 -60.000000 40.000000 -54.000000 47.000000 -47.000000 54.000000 0.000000 0.000000 0.000000 0.000000 0.000000 0.000000 0.000000 0.000000
4277 2 8 -310.000000 185.000000 -278.000000 222.000000 -247.000000 253.000000 -213.000000 288.000000 0.000000 0.000000 0.000000 0.000000 0.000000 0.000000 0.000000 0.000000 -62.000000 34.000000 -60.000000 40.000000 -54.000000 47.000000 -47.000000 54.000000 0.000000 0.000000 0.000000 0.000000 0.000000 0.000000 0.000000 0.000000
4277 2 8 -310.000000 185.000000 -278.000000 222.000000 -247.000000 253.000000 -213.000000 288.000000 0.000000 0.000000 0.000000 0.000000 0.000000 0.000000 0.000000 0.000000 -62.000000 34.000000 -60.000000 40.000000 -54.000000 47.000000 -47.000000 54.000000 0.000000 0.000000 0.000000 0.000000 0.000000 0.000000 0.000000 0.000000
4277 2 8 -310.000000 185.000000 -278.000000 222.000000 -247.000000 253.000000 -213.000000 288.000000 0.000000 0.000000 0.000000 0.000000 0.000000 0.000000 0.000000 0.000000 -62.000000 34.000000 -60.000000 40.000000 -54.000000 47.000000 -47.000000 54.000000 0.000000 0.000000 0.000000 0.000000 0.000000 0.000000 0.000000 0.000000
4277 2 8 -310.000000 185.000000 -278.000000 222.000000 -247.000000 253.000000 -213.000000 288.000000 0.000000 0.000000 0.000000 0.000000 0.000000 0.000000 0.000000 0.000000 -62.000000 34.000000 -60.000000 40.000000 -54.000000 47.000000 -47.000000 54.000000 0.000000 0.000000 0.000000 0.000000 0.000000 0.000000 0.000000 0.000000
4277 2 8 -310.000000 185.000000 -278.000000 222.000000 -247.000000 253.000000 -213.000000 288.000000 0.000000 0.000000 0.000000 0.000000 0.000000 0.000000 0.000000 0.000000 -62.000000 34.000000 -60.000000 40.000000 -54.000000 47.000000 -47.000000 54.000000 0.000000 0.000000 0.000000 0.000000 0.000000 0.000000 0.000000 0.000000
4277 2 8 -310.000000 185.000000 -278.000000 222.000000 -247.000000 253.000000 -213.000000 288.000000 0.000000 0.000000 0.000000 0.000000 0.000000 0.000000 0.000000 0.000000 -62.000000 34.000000 -60.000000 40.000000 -54.000000 47.000000 -47.000000 54.000000 0.000000 0.000000 0.000000 0.000000 0.000000 0.000000 0.000000 0.000000
4277 2 8 -310.000000 185.000000 -278.000000 222.000000 -247.000000 253.000000 -213.000000 288.000000 0.000000 0.000000 0.000000 0.000000 0.000000 0.000000 0.000000 0.000000 -62.000000 34.000000 -60.000000 40.000000 -54.000000 47.000000 -47.000000 54.000000 0.000000 0.000000 0.000000 0.000000 0.000000 0.000000 0.000000 0.000000
4277 2 8 -310.000000 185.000000 -278.000000 222.000000 -247.000000 253.000000 -213.000000 288.000000 0.000000 0.000000 0.000000 0.000000 0.000000 0.000000 0.000000 0.000000 -62.000000 34.000000 -60.000000 40.000000 -54.000000 47.000000 -47.000000 54.000000 0.000000 0.000000 0.000000 0.000000 0.000000 0.000000 0.000000 0.000000
4277 2 8 -310.000000 185.000000 -278.000000 222.000000 -247.000000 253.000000 -213.000000 288.000000 0.000000 0.000000 0.000000 0.000000 0.000000 0.000000 0.000000 0.000000 -62.000000 34.000000 -60.000000 40.000000 -54.000000 47.000000 -47.000000 54.000000 0.000000 0.000000 0.000000 0.000000 0.000000 0.000000 0.000000 0.000000
4277 2 8 -310.000000 185.000000 -278.000000 222.000000 -247.000000 253.000000 -213.000000 288.000000 0.000000 0.000000 0.000000 0.000000 0.000000 0.000000 0.000000 0.000000 -62.000000 34.000000 -60.000000 40.000000 -54.000000 47.000000 -47.000000 54.000000 0.000000 0.000000 0.000000 0.000000 0.000000 0.000000 0.000000 0.000000
4277 2 8 -310.000000 185.000000 -278.000000 222.000000 -247.000000 253.000000 -213.000000 288.000000 0.000000 0.000000 0.000000 0.000000 0.000000 0.000000 0.000000 0.000000 -62.000000 34.000000 -60.000000 40.000000 -54.000000 47.000000 -47.000000 54.000000 0.000000 0.000000 0.000000 0.000000 0.000000 0.000000 0.000000 0.000000
4277 2 8 -310.000000 185.000000 -278.000000 222.000000 -247.000000 253.000000 -213.000000 288.000000 0.000000 0.000000 0.000000 0.000000 0.000000 0.000000 0.000000 0.000000 -62.000000 34.000000 -60.000000 40.000000 -54.000000 47.000000 -47.000000 54.000000 0.000000 0.000000 0.000000 0.000000 0.000000 0.000000 0.000000 0.000000
4277 2 8 -310.000000 185.000000 -278.000000 222.000000 -247.000000 253.000000 -213.000000 288.000000 0.000000 0.000000 0.000000 0.000000 0.000000 0.000000 0.000000 0.000000 -62.000000 34.000000 -60.000000 40.000000 -54.000000 47.000000 -47.000000 54.000000 0.000000 0.000000 0.000000 0.000000 0.000000 0.000000 0.000000 0.000000
4277 2 8 -310.000000 185.000000 -278.000000 222.000000 -247.000000 253.000000 -213.000000 288.000000 0.000000 0.000000 0.000000 0.000000 0.000000 0.000000 0.000000 0.000000 -62.000000 34.000000 -60.000000 40.000000 -54.000000 47.000000 -47.000000 54.000000 0.000000 0.000000 0.000000 0.000000 0.000000 0.000000 0.000000 0.000000
4277 2 8 -310.000000 185.000000 -278.000000 222.000000 -247.000000 253.000000 -213.000000 288.000000 0.000000 0.000000 0.000000 0.000000 0.000000 0.000000 0.000000 0.000000 -62.000000 34.000000 -60.000000 40.000000 -54.000000 47.000000 -47.000000 54.000000 0.000000 0.000000 0.000000 0.000000 0.000000 0.000000 0.000000 0.000000
4277 2 8 -310.000000 185.000000 -278.000000 222.000000 -247.000000 253.000000 -213.000000 288.000000 0.000000 0.000000 0.000000 0.000000 0.000000 0.000000 0.000000 0.000000 -62.000000 34.000000 -60.000000 40.000000 -54.000000 47.000000 -47.000000 54.000000 0.000000 0.000000 0.000000 0.000000 0.000000 0.000000 0.000000 0.000000
