0 51785 4 60 -30.0000 -90.000 -179.996 90.026
1 51785 4 60 -30.0000 -90.000 -179.996 90.026
2 51785 4 60 -30.0000 -90.000 -179.996 90.026
3 51785 4 60 -30.0000 -90.000 -179.996 90.026
4 51785 4 60 -30.0000 -90.000 -179.996 90.026
5 51785 4 60 -30.0000 -90.000 -179.996 90.026
6 51785 4 60 -30.0000 -90.000 -179.996 90.004
7 51785 4 60 -30.0000 -90.000 -179.996 90.004
8 51785 4 60 -30.0000 -90.000 -179.996 90.004
9 51785 4 60 -30.0000 -90.000 -179.996 90.004
10 51785 4 60 -30.0000 -90.000 -179.996 90.004
11 51785 4 60 -30.0000 -90.000 -179.996 90.004
12 51785 4 60 -30.0000 -90.000 -179.996 90.004
13 51785 4 60 -30.0000 -90.000 -179.996 90.004
14 51785 4 60 -30.0000 -90.000 -179.996 90.004
15 51785 4 60 -30.0000 -90.000 180.000 90.000
16 51785 4 60 -30.0000 -90.000 180.000 90.000
17 51785 4 60 -30.0000 -90.000 180.000 90.000
18 51785 4 60 -30.0000 -90.000 180.000 90.000
19 51785 4 60 -30.0000 -90.000 180.000 90.000
20 51785 4 60 -30.0000 -90.000 180.000 90.000
21 51785 4 60 -30.0000 -90.000 180.000 90.000
22 51785 4 60 -30.0000 -90.000 180.000 90.000
23 51785 4 60 -30.0000 -90.000 180.000 90.000
24 51785 4 60 -30.0000 -90.000 180.000 90.000
25 51785 4 60 -30.0000 -90.011 -179.970 90.027
26 51785 4 60 -30.0000 -90.011 -179.970 90.027
27 51785 4 60 -30.0000 -90.011 -179.970 90.027
28 51785 4 60 -30.0000 -90.011 -179.970 90.027
29 51785 4 60 -30.0000 -90.011 -179.970 90.027
30 51785 4 60 -30.0000 -90.011 -179.970 90.027
31 51785 4 60 -30.0000 -90.011 -179.970 90.027
32 51785 4 60 -30.0000 -90.011 -179.970 90.027
33 51785 4 60 -30.0000 -90.011 -179.970 90.027
34 51785 4 60 -30.0000 -90.011 -179.970 90.027
35 51785 4 60 -30.0000 -89.940 -179.970 90.052
36 51785 4 60 -30.0000 -89.940 -179.970 90.052
37 51785 4 60 -30.0000 -89.940 -179.970 90.052
38 51785 4 60 -30.0000 -89.940 -179.970 90.052
39 51785 4 60 -30.0000 -89.940 -179.970 90.052
40 51785 4 60 -30.0000 -89.940 -179.970 90.052
41 51785 4 60 -30.0000 -89.940 -179.970 90.052
42 51785 4 60 -30.0000 -89.940 -179.970 90.052
43 51785 4 60 -30.0000 -89.940 -179.970 90.052
44 51785 4 60 -30.0000 -89.940 -179.970 90.052
45 51785 4 60 -30.0000 -89.988 -179.970 90.042
46 51785 4 60 -30.0000 -89.988 -179.970 90.042
47 51785 4 60 -30.0000 -89.988 -179.970 90.042
48 51785 4 60 -30.0000 -89.988 -179.970 90.042
49 51785 4 60 -30.0000 -89.988 -179.970 90.042
50 51785 4 60 -30.0000 -89.988 -179.970 90.042
51 51785 4 60 -30.0000 -89.988 -179.970 90.042
52 51785 4 60 -30.0000 -89.988 -179.970 90.042
53 51785 4 60 -30.0000 -89.988 -179.970 90.042
54 51785 4 60 -30.0000 -90.000 -180.000 90.030
55 51785 4 60 -30.0000 -90.000 -180.000 90.030
56 51785 4 60 -30.0000 -90.000 -180.000 90.030
57 51785 4 60 -30.0000 -90.000 -180.000 90.030
58 51785 4 60 -30.0000 -90.000 -180.000 90.030
59 51785 4 60 -30.0000 -90.000 -180.000 90.030
60 51785 4 60 -30.0000 -90.000 -180.000 90.030
61 51785 4 60 -30.0000 -90.000 -180.000 90.030
62 51785 4 60 -30.0000 -90.000 -180.000 90.030
63 51785 4 60 -30.0000 -90.000 -180.000 90.030
64 51785 4 60 -30.0000 -89.989 -179.955 90.053
65 51785 4 60 -30.0000 -89.989 -179.955 90.053
66 51785 4 60 -30.0000 -89.989 -179.955 90.053
67 51785 4 60 -30.0000 -89.989 -179.955 90.053
68 51785 4 60 -30.0000 -89.989 -179.955 90.053
69 51785 4 60 -30.0000 -89.989 -179.955 90.053
70 51785 4 60 -30.0000 -89.989 -179.955 90.053
71 51785 4 60 -30.0000 -89.989 -179.955 90.053
72 51785 4 60 -30.0000 -89.989 -179.955 90.053
73 51785 4 60 -30.0000 -90.000 -180.000 89.996
74 51785 4 60 -30.0000 -90.000 -180.000 89.996
75 51785 4 60 -30.0000 -90.000 -180.000 89.996
76 51785 4 60 -30.0000 -90.000 -180.000 89.996
77 51785 4 60 -30.0000 -90.000 -180.000 89.996
78 51785 4 60 -30.0000 -90.000 -180.000 89.996
79 51785 4 60 -30.0000 -90.000 -180.000 89.996
80 51785 4 60 -30.0000 -90.000 -180.000 89.996
81 51785 4 60 -30.0000 -90.000 -180.000 89.996
82 51785 4 60 -30.0000 -90.000 -180.000 89.996
83 51785 4 60 -30.0000 -90.000 -179.996 90.000
84 51785 4 60 -30.0000 -90.000 -179.996 90.000
85 51785 4 60 -30.0000 -90.000 -179.996 90.000
86 51785 4 60 -30.0000 -90.000 -179.996 90.000
87 51785 4 60 -30.0000 -90.000 -179.996 90.000
88 51785 4 60 -30.0000 -90.000 -179.996 90.000
89 51785 4 60 -30.0000 -90.000 -179.996 90.000
90 51785 4 60 -30.0000 -90.000 -179.996 90.000
91 51785 4 60 -30.0000 -90.000 -179.996 90.000
92 51785 4 60 -30.0000 -90.000 -179.996 90.000
93 51785 4 60 -30.0000 -89.974 -179.948 90.086
94 51785 4 60 -30.0000 -89.974 -179.948 90.086
95 51785 4 60 -30.0000 -89.974 -179.948 90.086
96 51785 4 60 -30.0000 -89.974 -179.948 90.086
97 51785 4 60 -30.0000 -89.974 -179.948 90.086
98 51785 4 60 -30.0000 -89.974 -179.948 90.086
99 51785 4 60 -30.0000 -89.974 -179.948 90.086
100 51785 4 60 -30.0000 -89.974 -179.948 90.086
101 51785 4 60 -30.0000 -89.974 -179.948 90.086
102 51785 4 60 -30.0000 -90.000 -179.970 89.996
103 51785 4 60 -30.0000 -90.000 -179.970 89.996
104 51785 4 60 -30.0000 -90.000 -179.970 89.996
105 51785 4 60 -30.0000 -90.000 -179.970 89.996
106 51785 4 60 -30.0000 -90.000 -179.970 89.996
107 51785 4 60 -30.0000 -90.000 -179.970 89.996
108 51785 4 60 -30.0000 -90.000 -179.970 89.996
109 51785 4 60 -30.0000 -90.000 -179.970 89.996
110 51785 4 60 -30.0000 -90.000 -179.970 89.996
111 51785 4 60 -30.0000 -90.000 -179.970 89.996
112 51785 4 60 -30.0000 -89.989 -179.989 90.023
113 51785 4 60 -30.0000 -89.989 -179.989 90.023
114 51785 4 60 -30.0000 -89.989 -179.989 90.023
115 51785 4 60 -30.0000 -89.989 -179.989 90.023
116 51785 4 60 -30.0000 -89.989 -179.989 90.023
117 51785 4 60 -30.0000 -89.989 -179.989 90.023
118 51785 4 60 -30.0000 -89.989 -179.989 90.023
119 51785 4 60 -30.0000 -89.989 -179.989 90.023
120 51785 4 60 -30.0000 -89.989 -179.989 90.023
121 51785 4 60 -30.0000 -89.989 -179.989 90.023
122 51785 4 60 -30.0000 -90.030 -179.959 90.042
123 51785 4 60 -30.0000 -90.030 -179.959 90.042
124 51785 4 60 -30.0000 -90.030 -179.959 90.042
125 51785 4 60 -30.0000 -90.030 -179.959 90.042
126 51785 4 60 -30.0000 -90.030 -179.959 90.042
127 51785 4 60 -30.0000 -90.030 -179.959 90.042
128 51785 4 60 -30.0000 -90.030 -179.959 90.042
129 51785 4 60 -30.0000 -90.030 -179.959 90.042
130 51785 4 60 -30.0000 -90.030 -179.959 90.042
131 51785 4 60 -30.0000 -90.030 -179.959 90.042
132 51785 4 60 -30.0000 -89.996 -179.963 90.030
133 51785 4 60 -30.0000 -89.996 -179.963 90.030
134 51785 4 60 -30.0000 -89.996 -179.963 90.030
135 51785 4 60 -30.0000 -89.996 -179.963 90.030
136 51785 4 60 -30.0000 -89.996 -179.963 90.030
137 51785 4 60 -30.0000 -89.996 -179.963 90.030
138 51785 4 60 -30.0000 -89.996 -179.963 90.030
139 51785 4 60 -30.0000 -89.996 -179.963 90.030
140 51785 4 60 -30.0000 -89.996 -179.963 90.030
141 51785 4 60 -30.0000 -89.996 -179.963 90.030
142 51785 4 60 -30.0000 -90.060 179.970 89.970
143 51785 4 60 -30.0000 -90.060 179.970 89.970
144 51785 4 60 -30.0000 -90.060 179.970 89.970
145 51785 4 60 -30.0000 -90.060 179.970 89.970
146 51785 4 60 -30.0000 -90.060 179.970 89.970
147 51785 4 60 -30.0000 -90.060 179.970 89.970
148 51785 4 60 -30.0000 -90.060 179.970 89.970
149 51785 4 60 -30.0000 -90.060 179.970 89.970
150 51785 4 60 -30.0000 -90.060 179.970 89.970
151 51785 4 60 -30.0000 -90.060 179.970 89.970
152 51785 4 60 -30.0000 -89.966 -179.910 90.086
153 51785 4 60 -30.0000 -89.966 -179.910 90.086
154 51785 4 60 -30.0000 -89.966 -179.910 90.086
155 51785 4 60 -30.0000 -89.966 -179.910 90.086
156 51785 4 60 -30.0000 -89.966 -179.910 90.086
157 51785 4 60 -30.0000 -89.966 -179.910 90.086
158 51785 4 60 -30.0000 -89.966 -179.910 90.086
159 51785 4 60 -30.0000 -89.966 -179.910 90.086
160 51785 4 60 -30.0000 -90.004 -179.970 90.000
161 51785 4 60 -30.0000 -90.004 -179.970 90.000
162 51785 4 60 -30.0000 -90.004 -179.970 90.000
163 51785 4 60 -30.0000 -90.004 -179.970 90.000
164 51785 4 60 -30.0000 -90.004 -179.970 90.000
165 51785 4 60 -30.0000 -90.004 -179.970 90.000
166 51785 4 60 -30.0000 -90.004 -179.970 90.000
167 51785 4 60 -30.0000 -90.004 -179.970 90.000
168 51785 4 60 -30.0000 -90.000 -179.977 90.053
169 51785 4 60 -30.0000 -90.000 -179.977 90.053
170 51785 4 60 -30.0000 -90.000 -179.977 90.053
171 51785 4 60 -30.0000 -90.000 -179.977 90.053
172 51785 4 60 -30.0000 -90.000 -179.977 90.053
173 51785 4 60 -30.0000 -90.000 -179.977 90.053
174 51785 4 60 -30.0000 -90.000 -179.977 90.053
175 51785 4 60 -30.0000 -90.000 -179.977 90.053
176 51785 4 60 -30.0000 -90.000 -179.977 90.053
177 51785 4 60 -30.0000 -90.000 -179.977 90.053
178 51785 4 60 -30.0000 -90.000 179.996 89.996
179 51785 4 60 -30.0000 -90.000 179.996 89.996
180 51785 4 60 -30.0000 -90.000 179.996 89.996
181 51785 4 60 -30.0000 -90.000 179.996 89.996
182 51785 4 60 -30.0000 -90.000 179.996 89.996
183 51785 4 60 -30.0000 -90.000 179.996 89.996
184 51785 4 60 -30.0000 -90.000 179.996 89.996
185 51785 4 60 -30.0000 -90.000 179.996 89.996
186 51785 4 60 -30.0000 -90.000 179.996 89.996
187 51785 4 60 -30.0000 -90.000 179.996 89.996
188 51785 4 60 -30.0000 -90.000 179.996 89.996
189 51785 4 60 -30.0000 -89.981 -179.978 90.030
190 51785 4 60 -30.0000 -89.981 -179.978 90.030
191 51785 4 60 -30.0000 -89.981 -179.978 90.030
192 51785 4 60 -30.0000 -89.981 -179.978 90.030
193 51785 4 60 -30.0000 -89.981 -179.978 90.030
194 51785 4 60 -30.0000 -89.981 -179.978 90.030
195 51785 4 60 -30.0000 -89.981 -179.978 90.030
196 51785 4 60 -30.0000 -89.981 -179.978 90.030
197 51785 4 60 -30.0000 -89.981 -179.978 90.030
198 51785 4 60 -30.0000 -89.981 -179.978 90.030
199 51785 4 60 -30.0000 -89.981 -179.978 90.030
200 51785 4 60 -30.0000 -90.007 179.989 89.996
201 51785 4 60 -30.0000 -90.007 179.989 89.996
202 51785 4 60 -30.0000 -90.007 179.989 89.996
203 51785 4 60 -30.0000 -90.007 179.989 89.996
204 51785 4 60 -30.0000 -90.007 179.989 89.996
205 51785 4 60 -30.0000 -90.007 179.989 89.996
206 51785 4 60 -30.0000 -90.007 179.989 89.996
207 51785 4 60 -30.0000 -90.007 179.989 89.996
208 51785 4 60 -30.0000 -90.007 179.989 89.996
209 51785 4 60 -30.0000 -89.977 -179.962 90.034
210 51785 4 60 -30.0000 -89.977 -179.962 90.034
211 51785 4 60 -30.0000 -89.977 -179.962 90.034
212 51785 4 60 -30.0000 -89.977 -179.962 90.034
213 51785 4 60 -30.0000 -89.977 -179.962 90.034
214 51785 4 60 -30.0000 -89.977 -179.962 90.034
215 51785 4 60 -30.0000 -89.977 -179.962 90.034
216 51785 4 60 -30.0000 -89.977 -179.962 90.034
217 51785 4 60 -30.0000 -89.977 -179.962 90.034
218 51785 4 60 -30.0000 -89.977 -179.962 90.034
219 51785 4 60 -30.0000 -90.008 -179.996 90.004
220 51785 4 60 -30.0000 -90.008 -179.996 90.004
221 51785 4 60 -30.0000 -90.008 -179.996 90.004
222 51785 4 60 -30.0000 -90.008 -179.996 90.004
223 51785 4 60 -30.0000 -90.008 -179.996 90.004
224 51785 4 60 -30.0000 -90.008 -179.996 90.004
225 51785 4 60 -30.0000 -90.008 -179.996 90.004
226 51785 4 60 -30.0000 -90.008 -179.996 90.004
227 51785 4 60 -30.0000 -90.008 -179.996 90.004
228 51785 4 60 -30.0000 -90.008 -179.996 90.004
229 51785 4 60 -30.0000 -90.008 -179.996 90.004
230 51785 4 60 -30.0000 -90.004 180.000 90.022
231 51785 4 60 -30.0000 -90.004 180.000 90.022
232 51785 4 60 -30.0000 -90.004 180.000 90.022
233 51785 4 60 -30.0000 -90.004 180.000 90.022
234 51785 4 60 -30.0000 -90.004 180.000 90.022
235 51785 4 60 -30.0000 -90.004 180.000 90.022
236 51785 4 60 -30.0000 -90.004 180.000 90.022
237 51785 4 60 -30.0000 -90.004 180.000 90.022
238 51785 4 60 -30.0000 -90.004 180.000 90.022
239 51785 4 60 -30.0000 -90.004 180.000 90.022
240 51785 4 60 -30.0000 -90.030 -179.996 90.004
241 51785 4 60 -30.0000 -90.030 -179.996 90.004
242 51785 4 60 -30.0000 -90.030 -179.996 90.004
243 51785 4 60 -30.0000 -90.030 -179.996 90.004
244 51785 4 60 -30.0000 -90.030 -179.996 90.004
245 51785 4 60 -30.0000 -90.030 -179.996 90.004
246 51785 4 60 -30.0000 -90.030 -179.996 90.004
247 51785 4 60 -30.0000 -90.030 -179.996 90.004
248 51785 4 60 -30.0000 -90.030 -179.996 90.004
249 51785 4 60 -30.0000 -90.030 -179.996 90.004
250 51785 4 60 -30.0000 -90.030 -179.996 90.004
251 51785 4 60 -30.0000 -89.992 -179.962 90.045
252 51785 4 60 -30.0000 -89.992 -179.962 90.045
253 51785 4 60 -30.0000 -89.992 -179.962 90.045
254 51785 4 60 -30.0000 -89.992 -179.962 90.045
255 51785 4 60 -30.0000 -89.992 -179.962 90.045
256 51785 4 60 -30.0000 -89.992 -179.962 90.045
257 51785 4 60 -30.0000 -89.992 -179.962 90.045
258 51785 4 60 -30.0000 -89.992 -179.962 90.045
259 51785 4 60 -30.0000 -89.992 -179.962 90.045
260 51785 4 60 -30.0000 -89.992 -179.962 90.045
261 51785 4 60 -30.0000 -90.008 -179.970 90.030
262 51785 4 60 -30.0000 -90.008 -179.970 90.030
263 51785 4 60 -30.0000 -90.008 -179.970 90.030
264 51785 4 60 -30.0000 -90.008 -179.970 90.030
265 51785 4 60 -30.0000 -90.008 -179.970 90.030
266 51785 4 60 -30.0000 -90.008 -179.970 90.030
267 51785 4 60 -30.0000 -90.008 -179.970 90.030
268 51785 4 60 -30.0000 -90.008 -179.970 90.030
269 51785 4 60 -30.0000 -90.008 -179.970 90.030
270 51785 4 60 -30.0000 -90.008 -179.970 90.030
271 51785 4 60 -30.0000 -89.996 179.996 90.034
272 51785 4 60 -30.0000 -89.996 179.996 90.034
273 51785 4 60 -30.0000 -89.996 179.996 90.034
274 51785 4 60 -30.0000 -89.996 179.996 90.034
275 51785 4 60 -30.0000 -89.996 179.996 90.034
276 51785 4 60 -30.0000 -89.996 179.996 90.034
277 51785 4 60 -30.0000 -89.996 179.996 90.034
278 51785 4 60 -30.0000 -89.996 179.996 90.034
279 51785 4 60 -30.0000 -89.966 -179.992 90.004
280 51785 4 60 -30.0000 -89.966 -179.992 90.004
281 51785 4 60 -30.0000 -89.966 -179.992 90.004
282 51785 4 60 -30.0000 -89.966 -179.992 90.004
283 51785 4 60 -30.0000 -89.966 -179.992 90.004
284 51785 4 60 -30.0000 -89.966 -179.992 90.004
285 51785 4 60 -30.0000 -89.966 -179.992 90.004
286 51785 4 60 -30.0000 -89.966 -179.992 90.004
287 51785 4 60 -30.0000 -89.966 -179.992 90.004
288 51785 4 60 -30.0000 -89.966 -179.992 90.004
289 51785 4 60 -30.0000 -89.996 -179.966 90.060
290 51785 4 60 -30.0000 -89.996 -179.966 90.060
291 51785 4 60 -30.0000 -89.996 -179.966 90.060
292 51785 4 60 -30.0000 -89.996 -179.966 90.060
293 51785 4 60 -30.0000 -89.996 -179.966 90.060
294 51785 4 60 -30.0000 -89.996 -179.966 90.060
295 51785 4 60 -30.0000 -89.996 -179.966 90.060
296 51785 4 60 -30.0000 -89.996 -179.966 90.060
297 51785 4 60 -30.0000 -89.996 -179.966 90.060
298 51785 4 60 -30.0000 -89.996 -179.966 90.060
299 51785 4 60 -30.0000 -89.996 -179.966 90.060
