0 7292 4 60 30.0000 89.925 179.979 -89.995
1 7292 4 60 30.0000 89.925 179.979 -89.995
2 7292 4 60 30.0000 89.925 179.979 -89.995
3 7292 4 60 30.0000 89.925 179.979 -89.995
4 7292 4 60 30.0000 89.925 179.979 -89.995
5 7292 4 60 30.0000 89.925 179.979 -89.995
6 7292 4 60 30.0000 89.925 179.979 -89.995
7 7292 4 60 30.0000 89.925 179.979 -89.995
8 7292 4 60 30.0000 89.933 179.949 -89.989
9 7292 4 60 30.0000 89.933 179.949 -89.989
10 7292 4 60 30.0000 89.933 179.949 -89.989
11 7292 4 60 30.0000 89.933 179.949 -89.989
12 7292 4 60 30.0000 89.933 179.949 -89.989
13 7292 4 60 30.0000 89.933 179.949 -89.989
14 7292 4 60 30.0000 89.933 179.949 -89.989
15 7292 4 60 30.0000 89.933 179.949 -89.989
16 7292 4 60 30.0000 89.933 179.949 -89.989
17 7292 4 60 30.0000 89.933 179.949 -89.989
18 7292 4 60 30.0000 89.933 179.949 -89.989
19 7292 4 60 30.0000 89.933 179.949 -89.989
20 7292 4 60 30.0000 89.933 179.949 -89.989
21 7292 4 60 30.0000 89.933 179.949 -89.989
22 7292 4 60 30.0000 89.933 179.949 -89.989
23 7292 4 60 30.0000 89.933 179.949 -89.989
24 7292 4 60 30.0000 89.933 179.949 -89.989
25 7292 4 60 30.0000 89.933 179.949 -89.989
26 7292 4 60 30.0000 89.933 179.949 -89.989
27 7292 4 60 30.0000 89.910 179.955 -89.998
28 7292 4 60 30.0000 89.910 179.955 -89.998
29 7292 4 60 30.0000 89.910 179.955 -89.998
30 7292 4 60 30.0000 89.910 179.955 -89.998
31 7292 4 60 30.0000 89.910 179.955 -89.998
32 7292 4 60 30.0000 89.910 179.955 -89.998
33 7292 4 60 30.0000 89.910 179.955 -89.998
34 7292 4 60 30.0000 89.910 179.955 -89.998
35 7292 4 60 30.0000 89.910 179.955 -89.998
36 7292 4 60 30.0000 89.910 179.955 -89.998
37 7292 4 60 30.0000 89.910 179.955 -89.998
38 7292 4 60 30.0000 89.910 179.955 -89.998
39 7292 4 60 30.0000 89.910 179.955 -89.998
40 7292 4 60 30.0000 89.910 179.955 -89.998
41 7292 4 60 30.0000 89.910 179.955 -89.998
42 7292 4 60 30.0000 89.910 179.955 -89.998
43 7292 4 60 30.0000 89.910 179.955 -89.998
44 7292 4 60 30.0000 89.910 179.955 -89.998
45 7292 4 60 30.0000 89.910 179.955 -89.998
46 7292 4 60 30.0000 89.950 179.963 -89.960
47 7292 4 60 30.0000 89.950 179.963 -89.960
48 7292 4 60 30.0000 89.950 179.963 -89.960
49 7292 4 60 30.0000 89.950 179.963 -89.960
50 7292 4 60 30.0000 89.950 179.963 -89.960
51 7292 4 60 30.0000 89.950 179.963 -89.960
52 7292 4 60 30.0000 89.950 179.963 -89.960
53 7292 4 60 30.0000 89.950 179.963 -89.960
54 7292 4 60 30.0000 89.950 179.963 -89.960
55 7292 4 60 30.0000 89.950 179.963 -89.960
56 7292 4 60 30.0000 89.950 179.963 -89.960
57 7292 4 60 30.0000 89.950 179.963 -89.960
58 7292 4 60 30.0000 89.950 179.963 -89.960
59 7292 4 60 30.0000 89.950 179.963 -89.960
60 7292 4 60 30.0000 89.950 179.963 -89.960
61 7292 4 60 30.0000 89.950 179.963 -89.960
62 7292 4 60 30.0000 89.950 179.963 -89.960
63 7292 4 60 30.0000 89.950 179.963 -89.960
64 7292 4 60 30.0000 89.950 179.963 -89.960
65 7292 4 60 30.0000 89.916 179.995 -89.948
66 7292 4 60 30.0000 89.916 179.995 -89.948
67 7292 4 60 30.0000 89.916 179.995 -89.948
68 7292 4 60 30.0000 89.916 179.995 -89.948
69 7292 4 60 30.0000 89.916 179.995 -89.948
70 7292 4 60 30.0000 89.916 179.995 -89.948
71 7292 4 60 30.0000 89.916 179.995 -89.948
72 7292 4 60 30.0000 89.916 179.995 -89.948
73 7292 4 60 30.0000 89.916 179.995 -89.948
74 7292 4 60 30.0000 89.916 179.995 -89.948
75 7292 4 60 30.0000 89.916 179.995 -89.948
76 7292 4 60 30.0000 89.916 179.995 -89.948
77 7292 4 60 30.0000 89.916 179.995 -89.948
78 7292 4 60 30.0000 89.916 179.995 -89.948
79 7292 4 60 30.0000 89.916 179.995 -89.948
80 7292 4 60 30.0000 89.916 179.995 -89.948
81 7292 4 60 30.0000 89.916 179.995 -89.948
82 7292 4 60 30.0000 89.916 179.995 -89.948
83 7292 4 60 30.0000 89.916 179.995 -89.948
84 7292 4 60 30.0000 89.914 179.958 -89.958
85 7292 4 60 30.0000 89.914 179.958 -89.958
86 7292 4 60 30.0000 89.914 179.958 -89.958
87 7292 4 60 30.0000 89.914 179.958 -89.958
88 7292 4 60 30.0000 89.914 179.958 -89.958
89 7292 4 60 30.0000 89.914 179.958 -89.958
90 7292 4 60 30.0000 89.914 179.958 -89.958
91 7292 4 60 30.0000 89.914 179.958 -89.958
92 7292 4 60 30.0000 89.914 179.958 -89.958
93 7292 4 60 30.0000 89.914 179.958 -89.958
94 7292 4 60 30.0000 89.914 179.958 -89.958
95 7292 4 60 30.0000 89.914 179.958 -89.958
96 7292 4 60 30.0000 89.914 179.958 -89.958
97 7292 4 60 30.0000 89.914 179.958 -89.958
98 7292 4 60 30.0000 89.914 179.958 -89.958
99 7292 4 60 30.0000 89.914 179.958 -89.958
100 7292 4 60 30.0000 89.914 179.958 -89.958
101 7292 4 60 30.0000 89.914 179.958 -89.958
102 7292 4 60 30.0000 89.914 179.958 -89.958
103 7292 4 60 30.0000 89.914 179.958 -89.958
104 7292 4 60 30.0000 89.913 179.980 -89.951
105 7292 4 60 30.0000 89.913 179.980 -89.951
106 7292 4 60 30.0000 89.913 179.980 -89.951
107 7292 4 60 30.0000 89.913 179.980 -89.951
108 7292 4 60 30.0000 89.913 179.980 -89.951
109 7292 4 60 30.0000 89.913 179.980 -89.951
110 7292 4 60 30.0000 89.913 179.980 -89.951
111 7292 4 60 30.0000 89.913 179.980 -89.951
112 7292 4 60 30.0000 89.913 179.980 -89.951
113 7292 4 60 30.0000 89.913 179.980 -89.951
114 7292 4 60 30.0000 89.913 179.980 -89.951
115 7292 4 60 30.0000 89.913 179.980 -89.951
116 7292 4 60 30.0000 89.913 179.980 -89.951
117 7292 4 60 30.0000 89.913 179.980 -89.951
118 7292 4 60 30.0000 89.913 179.980 -89.951
119 7292 4 60 30.0000 89.913 179.980 -89.951
120 7292 4 60 30.0000 89.913 179.980 -89.951
121 7292 4 60 30.0000 89.913 179.980 -89.951
122 7292 4 60 30.0000 89.913 179.980 -89.951
123 7292 4 60 30.0000 89.913 179.980 -89.951
124 7292 4 60 30.0000 89.913 179.980 -89.951
125 7292 4 60 30.0000 89.893 179.981 -89.968
126 7292 4 60 30.0000 89.893 179.981 -89.968
127 7292 4 60 30.0000 89.893 179.981 -89.968
128 7292 4 60 30.0000 89.893 179.981 -89.968
129 7292 4 60 30.0000 89.893 179.981 -89.968
130 7292 4 60 30.0000 89.893 179.981 -89.968
131 7292 4 60 30.0000 89.893 179.981 -89.968
132 7292 4 60 30.0000 89.893 179.981 -89.968
133 7292 4 60 30.0000 89.893 179.981 -89.968
134 7292 4 60 30.0000 89.893 179.981 -89.968
135 7292 4 60 30.0000 89.893 179.981 -89.968
136 7292 4 60 30.0000 89.893 179.981 -89.968
137 7292 4 60 30.0000 89.893 179.981 -89.968
138 7292 4 60 30.0000 89.893 179.981 -89.968
139 7292 4 60 30.0000 89.893 179.981 -89.968
140 7292 4 60 30.0000 89.893 179.981 -89.968
141 7292 4 60 30.0000 89.893 179.981 -89.968
142 7292 4 60 30.0000 89.893 179.981 -89.968
143 7292 4 60 30.0000 89.893 179.981 -89.968
144 7292 4 60 30.0000 89.893 179.981 -89.968
145 7292 4 60 30.0000 89.890 179.956 -89.963
146 7292 4 60 30.0000 89.890 179.956 -89.963
147 7292 4 60 30.0000 89.890 179.956 -89.963
148 7292 4 60 30.0000 89.890 179.956 -89.963
149 7292 4 60 30.0000 89.890 179.956 -89.963
150 7292 4 60 30.0000 89.890 179.956 -89.963
151 7292 4 60 30.0000 89.890 179.956 -89.963
152 7292 4 60 30.0000 89.890 179.956 -89.963
153 7292 4 60 30.0000 89.890 179.956 -89.963
154 7292 4 60 30.0000 89.890 179.956 -89.963
155 7292 4 60 30.0000 89.890 179.956 -89.963
156 7292 4 60 30.0000 89.890 179.956 -89.963
157 7292 4 60 30.0000 89.890 179.956 -89.963
158 7292 4 60 30.0000 89.890 179.956 -89.963
159 7292 4 60 30.0000 89.890 179.956 -89.963
160 7292 4 60 30.0000 89.890 179.956 -89.963
161 7292 4 60 30.0000 89.890 179.956 -89.963
162 7292 4 60 30.0000 89.902 179.944 -90.000
163 7292 4 60 30.0000 89.902 179.944 -90.000
164 7292 4 60 30.0000 89.902 179.944 -90.000
165 7292 4 60 30.0000 89.902 179.944 -90.000
166 7292 4 60 30.0000 89.902 179.944 -90.000
167 7292 4 60 30.0000 89.902 179.944 -90.000
168 7292 4 60 30.0000 89.902 179.944 -90.000
169 7292 4 60 30.0000 89.902 179.944 -90.000
170 7292 4 60 30.0000 89.902 179.944 -90.000
171 7292 4 60 30.0000 89.902 179.944 -90.000
172 7292 4 60 30.0000 89.902 179.944 -90.000
173 7292 4 60 30.0000 89.902 179.944 -90.000
174 7292 4 60 30.0000 89.902 179.944 -90.000
175 7292 4 60 30.0000 89.902 179.944 -90.000
176 7292 4 60 30.0000 89.902 179.944 -90.000
177 7292 4 60 30.0000 89.902 179.944 -90.000
178 7292 4 60 30.0000 89.912 179.921 -89.986
179 7292 4 60 30.0000 89.912 179.921 -89.986
180 7292 4 60 30.0000 89.912 179.921 -89.986
181 7292 4 60 30.0000 89.912 179.921 -89.986
182 7292 4 60 30.0000 89.912 179.921 -89.986
183 7292 4 60 30.0000 89.912 179.921 -89.986
184 7292 4 60 30.0000 89.912 179.921 -89.986
185 7292 4 60 30.0000 89.912 179.921 -89.986
186 7292 4 60 30.0000 89.912 179.921 -89.986
187 7292 4 60 30.0000 89.912 179.921 -89.986
188 7292 4 60 30.0000 89.912 179.921 -89.986
189 7292 4 60 30.0000 89.912 179.921 -89.986
190 7292 4 60 30.0000 89.912 179.921 -89.986
191 7292 4 60 30.0000 89.912 179.921 -89.986
192 7292 4 60 30.0000 89.912 179.921 -89.986
193 7292 4 60 30.0000 89.934 179.944 -89.966
194 7292 4 60 30.0000 89.934 179.944 -89.966
195 7292 4 60 30.0000 89.934 179.944 -89.966
196 7292 4 60 30.0000 89.934 179.944 -89.966
197 7292 4 60 30.0000 89.934 179.944 -89.966
198 7292 4 60 30.0000 89.934 179.944 -89.966
199 7292 4 60 30.0000 89.934 179.944 -89.966
200 7292 4 60 30.0000 89.934 179.944 -89.966
201 7292 4 60 30.0000 89.934 179.944 -89.966
202 7292 4 60 30.0000 89.934 179.944 -89.966
203 7292 4 60 30.0000 89.934 179.944 -89.966
204 7292 4 60 30.0000 89.934 179.944 -89.966
205 7292 4 60 30.0000 89.934 179.944 -89.966
206 7292 4 60 30.0000 89.934 179.944 -89.966
207 7292 4 60 30.0000 89.934 179.944 -89.966
208 7292 4 60 30.0000 89.934 179.944 -89.966
209 7292 4 60 30.0000 89.934 179.944 -89.966
210 7292 4 60 30.0000 89.934 179.944 -89.966
211 7292 4 60 30.0000 89.934 179.944 -89.966
212 7292 4 60 30.0000 89.934 179.944 -89.966
213 7292 4 60 30.0000 89.942 179.987 -89.944
214 7292 4 60 30.0000 89.942 179.987 -89.944
215 7292 4 60 30.0000 89.942 179.987 -89.944
216 7292 4 60 30.0000 89.942 179.987 -89.944
217 7292 4 60 30.0000 89.942 179.987 -89.944
218 7292 4 60 30.0000 89.942 179.987 -89.944
219 7292 4 60 30.0000 89.942 179.987 -89.944
220 7292 4 60 30.0000 89.942 179.987 -89.944
221 7292 4 60 30.0000 89.942 179.987 -89.944
222 7292 4 60 30.0000 89.942 179.987 -89.944
223 7292 4 60 30.0000 89.942 179.987 -89.944
224 7292 4 60 30.0000 89.942 179.987 -89.944
225 7292 4 60 30.0000 89.942 179.987 -89.944
226 7292 4 60 30.0000 89.942 179.987 -89.944
227 7292 4 60 30.0000 89.942 179.987 -89.944
228 7292 4 60 30.0000 89.942 179.987 -89.944
229 7292 4 60 30.0000 89.942 179.987 -89.944
230 7292 4 60 30.0000 89.942 179.987 -89.944
231 7292 4 60 30.0000 89.942 179.987 -89.944
232 7292 4 60 30.0000 89.933 179.958 -89.988
233 7292 4 60 30.0000 89.933 179.958 -89.988
234 7292 4 60 30.0000 89.933 179.958 -89.988
235 7292 4 60 30.0000 89.933 179.958 -89.988
236 7292 4 60 30.0000 89.933 179.958 -89.988
237 7292 4 60 30.0000 89.933 179.958 -89.988
238 7292 4 60 30.0000 89.933 179.958 -89.988
239 7292 4 60 30.0000 89.933 179.958 -89.988
240 7292 4 60 30.0000 89.933 179.958 -89.988
241 7292 4 60 30.0000 89.933 179.958 -89.988
242 7292 4 60 30.0000 89.933 179.958 -89.988
243 7292 4 60 30.0000 89.933 179.958 -89.988
244 7292 4 60 30.0000 89.933 179.958 -89.988
245 7292 4 60 30.0000 89.933 179.958 -89.988
246 7292 4 60 30.0000 89.933 179.958 -89.988
247 7292 4 60 30.0000 89.933 179.958 -89.988
248 7292 4 60 30.0000 89.933 179.958 -89.988
249 7292 4 60 30.0000 89.933 179.958 -89.988
250 7292 4 60 30.0000 89.933 179.958 -89.988
251 7292 4 60 30.0000 89.900 179.931 -89.968
252 7292 4 60 30.0000 89.900 179.931 -89.968
253 7292 4 60 30.0000 89.900 179.931 -89.968
254 7292 4 60 30.0000 89.900 179.931 -89.968
255 7292 4 60 30.0000 89.900 179.931 -89.968
256 7292 4 60 30.0000 89.900 179.931 -89.968
257 7292 4 60 30.0000 89.900 179.931 -89.968
258 7292 4 60 30.0000 89.900 179.931 -89.968
259 7292 4 60 30.0000 89.900 179.931 -89.968
260 7292 4 60 30.0000 89.900 179.931 -89.968
261 7292 4 60 30.0000 89.900 179.931 -89.968
262 7292 4 60 30.0000 89.900 179.931 -89.968
263 7292 4 60 30.0000 89.900 179.931 -89.968
264 7292 4 60 30.0000 89.900 179.931 -89.968
265 7292 4 60 30.0000 89.900 179.931 -89.968
266 7292 4 60 30.0000 89.900 179.931 -89.968
267 7292 4 60 30.0000 89.900 179.931 -89.968
268 7292 4 60 30.0000 89.929 179.974 -89.960
269 7292 4 60 30.0000 89.929 179.974 -89.960
270 7292 4 60 30.0000 89.929 179.974 -89.960
271 7292 4 60 30.0000 89.929 179.974 -89.960
272 7292 4 60 30.0000 89.929 179.974 -89.960
273 7292 4 60 30.0000 89.929 179.974 -89.960
274 7292 4 60 30.0000 89.929 179.974 -89.960
275 7292 4 60 30.0000 89.929 179.974 -89.960
276 7292 4 60 30.0000 89.929 179.974 -89.960
277 7292 4 60 30.0000 89.929 179.974 -89.960
278 7292 4 60 30.0000 89.929 179.974 -89.960
279 7292 4 60 30.0000 89.929 179.974 -89.960
280 7292 4 60 30.0000 89.929 179.974 -89.960
281 7292 4 60 30.0000 89.929 179.974 -89.960
282 7292 4 60 30.0000 89.929 179.974 -89.960
283 7292 4 60 30.0000 89.929 179.974 -89.960
284 7292 4 60 30.0000 89.929 179.974 -89.960
285 7292 4 60 30.0000 89.929 179.974 -89.960
286 7292 4 60 30.0000 89.945 179.957 -89.994
287 7292 4 60 30.0000 89.945 179.957 -89.994
288 7292 4 60 30.0000 89.945 179.957 -89.994
289 7292 4 60 30.0000 89.945 179.957 -89.994
290 7292 4 60 30.0000 89.945 179.957 -89.994
291 7292 4 60 30.0000 89.945 179.957 -89.994
292 7292 4 60 30.0000 89.945 179.957 -89.994
293 7292 4 60 30.0000 89.945 179.957 -89.994
294 7292 4 60 30.0000 89.945 179.957 -89.994
295 7292 4 60 30.0000 89.945 179.957 -89.994
296 7292 4 60 30.0000 89.945 179.957 -89.994
297 7292 4 60 30.0000 89.945 179.957 -89.994
298 7292 4 60 30.0000 89.945 179.957 -89.994
299 7292 4 60 30.0000 89.945 179.957 -89.994
