38877 2 4 358.000000 -5.000000 355.000000 -1.000000 0.000000 0.000000 0.000000 0.000000 68.000000 0.000000 64.000000 0.000000 0.000000 0.000000 0.000000 0.000000
38877 2 4 358.000000 -5.000000 355.000000 -1.000000 0.000000 0.000000 0.000000 0.000000 68.000000 0.000000 64.000000 0.000000 0.000000 0.000000 0.000000 0.000000
38877 2 4 358.000000 -5.000000 355.000000 -1.000000 0.000000 0.000000 0.000000 0.000000 68.000000 0.000000 64.000000 0.000000 0.000000 0.000000 0.000000 0.000000
38877 2 4 358.000000 -5.000000 355.000000 -1.000000 0.000000 0.000000 0.000000 0.000000 68.000000 0.000000 64.000000 0.000000 0.000000 0.000000 0.000000 0.000000
38877 2 4 358.000000 -5.000000 355.000000 -1.000000 0.000000 0.000000 0.000000 0.000000 68.000000 0.000000 64.000000 0.000000 0.000000 0.000000 0.000000 0.000000
38877 2 4 358.000000 -5.000000 355.000000 -1.000000 0.000000 0.000000 0.000000 0.000000 68.000000 0.000000 64.000000 0.000000 0.000000 0.000000 0.000000 0.000000
38877 2 4 358.000000 -5.000000 355.000000 -1.000000 0.000000 0.000000 0.000000 0.000000 68.000000 0.000000 64.000000 0.000000 0.000000 0.000000 0.000000 0.000000
38877 2 4 358.000000 -5.000000 355.000000 -1.000000 0.000000 0.000000 0.000000 0.000000 68.000000 0.000000 64.000000 0.000000 0.000000 0.000000 0.000000 0.000000
38877 2 4 358.000000 -5.000000 355.000000 -1.000000 0.000000 0.000000 0.000000 0.000000 68.000000 0.000000 64.000000 0.000000 0.000000 0.000000 0.000000 0.000000
38877 2 4 358.000000 -5.000000 355.000000 -1.000000 0.000000 0.000000 0.000000 0.000000 68.000000 0.000000 64.000000 0.000000 0.000000 0.000000 0.000000 0.000000
38877 2 4 358.000000 -5.000000 355.000000 -1.000000 0.000000 0.000000 0.000000 0.000000 68.000000 0.000000 64.000000 0.000000 0.000000 0.000000 0.000000 0.000000
38877 2 80 362.000000 0.000000 364.000000 0.000000 360.000000 0.000000 368.000000 0.000000 358.000000 0.000000 364.000000 0.000000 358.000000 0.000000 360.000000 0.000000 354.000000 0.000000 364.000000 0.000000 366.000000 0.000000 358.000000 0.000000 360.000000 0.000000 362.000000 0.000000 360.000000 0.000000 366.000000 0.000000 360.000000 0.000000 360.000000 0.000000 360.000000 0.000000 364.000000 0.000000 354.000000 -10.000000 354.000000 0.000000 362.000000 0.000000 366.000000 0.000000 364.000000 0.000000 360.000000 0.000000 358.000000 0.000000 362.000000 0.000000 362.000000 0.000000 364.000000 0.000000 366.000000 0.000000 358.000000 0.000000 356.000000 0.000000 360.000000 0.000000 358.000000 0.000000 354.000000 0.000000 358.000000 0.000000 368.000000 0.000000 358.000000 0.000000 366.000000 0.000000 0.000000 0.000000 0.000000 0.000000 0.000000 0.000000 0.000000 0.000000 0.000000 0.000000 0.000000 0.000000 0.000000 0.000000 0.000000 0.000000 0.000000 0.000000 0.000000 0.000000 0.000000 0.000000 0.000000 0.000000 0.000000 0.000000 0.000000 0.000000 0.000000 0.000000 0.000000 0.000000 0.000000 0.000000 0.000000 0.000000 0.000000 0.000000 0.000000 0.000000 0.000000 0.000000 0.000000 0.000000 0.000000 0.000000 0.000000 0.000000 0.000000 0.000000 0.000000 0.000000 0.000000 0.000000 0.000000 0.000000 0.000000 0.000000 0.000000 0.000000 0.000000 0.000000 0.000000 0.000000 0.000000 0.000000 0.000000 0.000000 0.000000 0.000000 0.000000 0.000000 0.000000 0.000000 0.000000 0.000000 0.000000 0.000000 0.000000 0.000000 70.000000 0.000000 64.000000 0.000000 64.000000 0.000000 66.000000 0.000000 64.000000 0.000000 66.000000 0.000000 66.000000 0.000000 64.000000 0.000000 66.000000 0.000000 72.000000 0.000000 66.000000 0.000000 68.000000 0.000000 64.000000 0.000000 64.000000 0.000000 64.000000 0.000000 64.000000 0.000000 68.000000 0.000000 64.000000 0.000000 64.000000 0.000000 66.000000 0.000000 70.000000 -2.000000 64.000000 0.000000 74.000000 0.000000 72.000000 0.000000 72.000000 0.000000 70.000000 0.000000 68.000000 0.000000 68.000000 0.000000 64.000000 0.000000 70.000000 0.000000 68.000000 0.000000 64.000000 0.000000 64.000000 0.000000 68.000000 0.000000 64.000000 0.000000 64.000000 0.000000 64.000000 0.000000 64.000000 0.000000 70.000000 0.000000 68.000000 0.000000 0.000000 0.000000 0.000000 0.000000 0.000000 0.000000 0.000000 0.000000 0.000000 0.000000 0.000000 0.000000 0.000000 0.000000 0.000000 0.000000 0.000000 0.000000 0.000000 0.000000 0.000000 0.000000 0.000000 0.000000 0.000000 0.000000 0.000000 0.000000 0.000000 0.000000 0.000000 0.000000 0.000000 0.000000 0.000000 0.000000 0.000000 0.000000 0.000000 0.000000 0.000000 0.000000 0.000000 0.000000 0.000000 0.000000 0.000000 0.000000 0.000000 0.000000 0.000000 0.000000 0.000000 0.000000 0.000000 0.000000 0.000000 0.000000 0.000000 0.000000 0.000000 0.000000 0.000000 0.000000 0.000000 0.000000 0.000000 0.000000 0.000000 0.000000 0.000000 0.000000 0.000000 0.000000 0.000000 0.000000 0.000000 0.000000 0.000000 0.000000
38877 2 80 362.000000 0.000000 362.000000 0.000000 364.000000 0.000000 360.000000 0.000000 368.000000 0.000000 362.000000 0.000000 358.000000 0.000000 364.000000 0.000000 360.000000 0.000000 366.000000 0.000000 352.000000 0.000000 368.000000 0.000000 356.000000 0.000000 362.000000 0.000000 354.000000 0.000000 358.000000 0.000000 364.000000 0.000000 368.000000 0.000000 366.000000 0.000000 362.000000 0.000000 366.000000 4.000000 362.000000 0.000000 358.000000 0.000000 352.000000 0.000000 364.000000 0.000000 354.000000 0.000000 360.000000 0.000000 358.000000 0.000000 360.000000 0.000000 358.000000 0.000000 362.000000 0.000000 368.000000 0.000000 354.000000 0.000000 358.000000 0.000000 362.000000 0.000000 360.000000 0.000000 354.000000 0.000000 364.000000 0.000000 368.000000 0.000000 366.000000 0.000000 0.000000 0.000000 0.000000 0.000000 0.000000 0.000000 0.000000 0.000000 0.000000 0.000000 0.000000 0.000000 0.000000 0.000000 0.000000 0.000000 0.000000 0.000000 0.000000 0.000000 0.000000 0.000000 0.000000 0.000000 0.000000 0.000000 0.000000 0.000000 0.000000 0.000000 0.000000 0.000000 0.000000 0.000000 0.000000 0.000000 0.000000 0.000000 0.000000 0.000000 0.000000 0.000000 0.000000 0.000000 0.000000 0.000000 0.000000 0.000000 0.000000 0.000000 0.000000 0.000000 0.000000 0.000000 0.000000 0.000000 0.000000 0.000000 0.000000 0.000000 0.000000 0.000000 0.000000 0.000000 0.000000 0.000000 0.000000 0.000000 0.000000 0.000000 0.000000 0.000000 0.000000 0.000000 0.000000 0.000000 0.000000 0.000000 0.000000 0.000000 72.000000 0.000000 66.000000 0.000000 70.000000 0.000000 64.000000 0.000000 64.000000 0.000000 68.000000 0.000000 64.000000 0.000000 64.000000 0.000000 64.000000 0.000000 66.000000 0.000000 64.000000 0.000000 64.000000 0.000000 64.000000 0.000000 68.000000 0.000000 68.000000 0.000000 72.000000 0.000000 64.000000 0.000000 74.000000 0.000000 64.000000 0.000000 68.000000 0.000000 70.000000 0.000000 70.000000 0.000000 68.000000 0.000000 64.000000 0.000000 70.000000 0.000000 64.000000 0.000000 64.000000 0.000000 64.000000 0.000000 64.000000 0.000000 68.000000 0.000000 64.000000 0.000000 64.000000 0.000000 64.000000 0.000000 64.000000 0.000000 68.000000 0.000000 66.000000 0.000000 68.000000 0.000000 66.000000 0.000000 64.000000 0.000000 68.000000 0.000000 0.000000 0.000000 0.000000 0.000000 0.000000 0.000000 0.000000 0.000000 0.000000 0.000000 0.000000 0.000000 0.000000 0.000000 0.000000 0.000000 0.000000 0.000000 0.000000 0.000000 0.000000 0.000000 0.000000 0.000000 0.000000 0.000000 0.000000 0.000000 0.000000 0.000000 0.000000 0.000000 0.000000 0.000000 0.000000 0.000000 0.000000 0.000000 0.000000 0.000000 0.000000 0.000000 0.000000 0.000000 0.000000 0.000000 0.000000 0.000000 0.000000 0.000000 0.000000 0.000000 0.000000 0.000000 0.000000 0.000000 0.000000 0.000000 0.000000 0.000000 0.000000 0.000000 0.000000 0.000000 0.000000 0.000000 0.000000 0.000000 0.000000 0.000000 0.000000 0.000000 0.000000 0.000000 0.000000 0.000000 0.000000 0.000000 0.000000 0.000000
38877 2 80 358.000000 0.000000 358.000000 0.000000 354.000000 0.000000 366.000000 0.000000 352.000000 0.000000 362.000000 0.000000 354.000000 0.000000 360.000000 0.000000 356.000000 0.000000 360.000000 0.000000 358.000000 0.000000 360.000000 0.000000 356.000000 0.000000 362.000000 0.000000 364.000000 0.000000 352.000000 0.000000 356.000000 0.000000 366.000000 0.000000 360.000000 0.000000 358.000000 0.000000 354.000000 -4.000000 354.000000 0.000000 360.000000 0.000000 360.000000 0.000000 358.000000 0.000000 358.000000 0.000000 364.000000 0.000000 362.000000 0.000000 356.000000 0.000000 360.000000 0.000000 362.000000 0.000000 358.000000 0.000000 352.000000 0.000000 362.000000 0.000000 356.000000 0.000000 358.000000 0.000000 364.000000 0.000000 364.000000 0.000000 354.000000 0.000000 356.000000 0.000000 0.000000 0.000000 0.000000 0.000000 0.000000 0.000000 0.000000 0.000000 0.000000 0.000000 0.000000 0.000000 0.000000 0.000000 0.000000 0.000000 0.000000 0.000000 0.000000 0.000000 0.000000 0.000000 0.000000 0.000000 0.000000 0.000000 0.000000 0.000000 0.000000 0.000000 0.000000 0.000000 0.000000 0.000000 0.000000 0.000000 0.000000 0.000000 0.000000 0.000000 0.000000 0.000000 0.000000 0.000000 0.000000 0.000000 0.000000 0.000000 0.000000 0.000000 0.000000 0.000000 0.000000 0.000000 0.000000 0.000000 0.000000 0.000000 0.000000 0.000000 0.000000 0.000000 0.000000 0.000000 0.000000 0.000000 0.000000 0.000000 0.000000 0.000000 0.000000 0.000000 0.000000 0.000000 0.000000 0.000000 0.000000 0.000000 0.000000 0.000000 70.000000 0.000000 64.000000 0.000000 64.000000 0.000000 64.000000 0.000000 64.000000 0.000000 64.000000 0.000000 64.000000 0.000000 64.000000 0.000000 64.000000 0.000000 64.000000 0.000000 72.000000 0.000000 64.000000 0.000000 64.000000 0.000000 66.000000 0.000000 64.000000 0.000000 68.000000 0.000000 64.000000 0.000000 64.000000 0.000000 64.000000 0.000000 68.000000 0.000000 68.000000 0.000000 66.000000 0.000000 64.000000 0.000000 64.000000 0.000000 68.000000 0.000000 70.000000 0.000000 72.000000 0.000000 66.000000 0.000000 64.000000 0.000000 64.000000 0.000000 68.000000 0.000000 64.000000 0.000000 64.000000 0.000000 64.000000 0.000000 64.000000 0.000000 66.000000 0.000000 64.000000 0.000000 64.000000 0.000000 64.000000 0.000000 64.000000 0.000000 0.000000 0.000000 0.000000 0.000000 0.000000 0.000000 0.000000 0.000000 0.000000 0.000000 0.000000 0.000000 0.000000 0.000000 0.000000 0.000000 0.000000 0.000000 0.000000 0.000000 0.000000 0.000000 0.000000 0.000000 0.000000 0.000000 0.000000 0.000000 0.000000 0.000000 0.000000 0.000000 0.000000 0.000000 0.000000 0.000000 0.000000 0.000000 0.000000 0.000000 0.000000 0.000000 0.000000 0.000000 0.000000 0.000000 0.000000 0.000000 0.000000 0.000000 0.000000 0.000000 0.000000 0.000000 0.000000 0.000000 0.000000 0.000000 0.000000 0.000000 0.000000 0.000000 0.000000 0.000000 0.000000 0.000000 0.000000 0.000000 0.000000 0.000000 0.000000 0.000000 0.000000 0.000000 0.000000 0.000000 0.000000 0.000000 0.000000 0.000000
38877 2 80 358.000000 0.000000 358.000000 0.000000 354.000000 0.000000 366.000000 0.000000 352.000000 0.000000 362.000000 0.000000 354.000000 0.000000 360.000000 0.000000 356.000000 0.000000 360.000000 0.000000 358.000000 0.000000 360.000000 0.000000 356.000000 0.000000 362.000000 0.000000 364.000000 0.000000 352.000000 0.000000 356.000000 0.000000 366.000000 0.000000 360.000000 0.000000 358.000000 0.000000 354.000000 -4.000000 354.000000 0.000000 360.000000 0.000000 360.000000 0.000000 358.000000 0.000000 358.000000 0.000000 364.000000 0.000000 362.000000 0.000000 356.000000 0.000000 360.000000 0.000000 362.000000 0.000000 358.000000 0.000000 352.000000 0.000000 362.000000 0.000000 356.000000 0.000000 358.000000 0.000000 364.000000 0.000000 364.000000 0.000000 354.000000 0.000000 356.000000 0.000000 0.000000 0.000000 0.000000 0.000000 0.000000 0.000000 0.000000 0.000000 0.000000 0.000000 0.000000 0.000000 0.000000 0.000000 0.000000 0.000000 0.000000 0.000000 0.000000 0.000000 0.000000 0.000000 0.000000 0.000000 0.000000 0.000000 0.000000 0.000000 0.000000 0.000000 0.000000 0.000000 0.000000 0.000000 0.000000 0.000000 0.000000 0.000000 0.000000 0.000000 0.000000 0.000000 0.000000 0.000000 0.000000 0.000000 0.000000 0.000000 0.000000 0.000000 0.000000 0.000000 0.000000 0.000000 0.000000 0.000000 0.000000 0.000000 0.000000 0.000000 0.000000 0.000000 0.000000 0.000000 0.000000 0.000000 0.000000 0.000000 0.000000 0.000000 0.000000 0.000000 0.000000 0.000000 0.000000 0.000000 0.000000 0.000000 0.000000 0.000000 70.000000 0.000000 64.000000 0.000000 64.000000 0.000000 64.000000 0.000000 64.000000 0.000000 64.000000 0.000000 64.000000 0.000000 64.000000 0.000000 64.000000 0.000000 64.000000 0.000000 72.000000 0.000000 64.000000 0.000000 64.000000 0.000000 66.000000 0.000000 64.000000 0.000000 68.000000 0.000000 64.000000 0.000000 64.000000 0.000000 64.000000 0.000000 68.000000 0.000000 68.000000 0.000000 66.000000 0.000000 64.000000 0.000000 64.000000 0.000000 68.000000 0.000000 70.000000 0.000000 72.000000 0.000000 66.000000 0.000000 64.000000 0.000000 64.000000 0.000000 68.000000 0.000000 64.000000 0.000000 64.000000 0.000000 64.000000 0.000000 64.000000 0.000000 66.000000 0.000000 64.000000 0.000000 64.000000 0.000000 64.000000 0.000000 64.000000 0.000000 0.000000 0.000000 0.000000 0.000000 0.000000 0.000000 0.000000 0.000000 0.000000 0.000000 0.000000 0.000000 0.000000 0.000000 0.000000 0.000000 0.000000 0.000000 0.000000 0.000000 0.000000 0.000000 0.000000 0.000000 0.000000 0.000000 0.000000 0.000000 0.000000 0.000000 0.000000 0.000000 0.000000 0.000000 0.000000 0.000000 0.000000 0.000000 0.000000 0.000000 0.000000 0.000000 0.000000 0.000000 0.000000 0.000000 0.000000 0.000000 0.000000 0.000000 0.000000 0.000000 0.000000 0.000000 0.000000 0.000000 0.000000 0.000000 0.000000 0.000000 0.000000 0.000000 0.000000 0.000000 0.000000 0.000000 0.000000 0.000000 0.000000 0.000000 0.000000 0.000000 0.000000 0.000000 0.000000 0.000000 0.000000 0.000000 0.000000 0.000000
38877 2 80 358.000000 0.000000 358.000000 0.000000 354.000000 0.000000 366.000000 0.000000 352.000000 0.000000 362.000000 0.000000 354.000000 0.000000 360.000000 0.000000 356.000000 0.000000 360.000000 0.000000 358.000000 0.000000 360.000000 0.000000 356.000000 0.000000 362.000000 0.000000 364.000000 0.000000 352.000000 0.000000 356.000000 0.000000 366.000000 0.000000 360.000000 0.000000 358.000000 0.000000 354.000000 -4.000000 354.000000 0.000000 360.000000 0.000000 360.000000 0.000000 358.000000 0.000000 358.000000 0.000000 364.000000 0.000000 362.000000 0.000000 356.000000 0.000000 360.000000 0.000000 362.000000 0.000000 358.000000 0.000000 352.000000 0.000000 362.000000 0.000000 356.000000 0.000000 358.000000 0.000000 364.000000 0.000000 364.000000 0.000000 354.000000 0.000000 356.000000 0.000000 0.000000 0.000000 0.000000 0.000000 0.000000 0.000000 0.000000 0.000000 0.000000 0.000000 0.000000 0.000000 0.000000 0.000000 0.000000 0.000000 0.000000 0.000000 0.000000 0.000000 0.000000 0.000000 0.000000 0.000000 0.000000 0.000000 0.000000 0.000000 0.000000 0.000000 0.000000 0.000000 0.000000 0.000000 0.000000 0.000000 0.000000 0.000000 0.000000 0.000000 0.000000 0.000000 0.000000 0.000000 0.000000 0.000000 0.000000 0.000000 0.000000 0.000000 0.000000 0.000000 0.000000 0.000000 0.000000 0.000000 0.000000 0.000000 0.000000 0.000000 0.000000 0.000000 0.000000 0.000000 0.000000 0.000000 0.000000 0.000000 0.000000 0.000000 0.000000 0.000000 0.000000 0.000000 0.000000 0.000000 0.000000 0.000000 0.000000 0.000000 70.000000 0.000000 64.000000 0.000000 64.000000 0.000000 64.000000 0.000000 64.000000 0.000000 64.000000 0.000000 64.000000 0.000000 64.000000 0.000000 64.000000 0.000000 64.000000 0.000000 72.000000 0.000000 64.000000 0.000000 64.000000 0.000000 66.000000 0.000000 64.000000 0.000000 68.000000 0.000000 64.000000 0.000000 64.000000 0.000000 64.000000 0.000000 68.000000 0.000000 68.000000 0.000000 66.000000 0.000000 64.000000 0.000000 64.000000 0.000000 68.000000 0.000000 70.000000 0.000000 72.000000 0.000000 66.000000 0.000000 64.000000 0.000000 64.000000 0.000000 68.000000 0.000000 64.000000 0.000000 64.000000 0.000000 64.000000 0.000000 64.000000 0.000000 66.000000 0.000000 64.000000 0.000000 64.000000 0.000000 64.000000 0.000000 64.000000 0.000000 0.000000 0.000000 0.000000 0.000000 0.000000 0.000000 0.000000 0.000000 0.000000 0.000000 0.000000 0.000000 0.000000 0.000000 0.000000 0.000000 0.000000 0.000000 0.000000 0.000000 0.000000 0.000000 0.000000 0.000000 0.000000 0.000000 0.000000 0.000000 0.000000 0.000000 0.000000 0.000000 0.000000 0.000000 0.000000 0.000000 0.000000 0.000000 0.000000 0.000000 0.000000 0.000000 0.000000 0.000000 0.000000 0.000000 0.000000 0.000000 0.000000 0.000000 0.000000 0.000000 0.000000 0.000000 0.000000 0.000000 0.000000 0.000000 0.000000 0.000000 0.000000 0.000000 0.000000 0.000000 0.000000 0.000000 0.000000 0.000000 0.000000 0.000000 0.000000 0.000000 0.000000 0.000000 0.000000 0.000000 0.000000 0.000000 0.000000 0.000000
38877 2 80 358.000000 0.000000 358.000000 0.000000 354.000000 0.000000 366.000000 0.000000 352.000000 0.000000 362.000000 0.000000 354.000000 0.000000 360.000000 0.000000 356.000000 0.000000 360.000000 0.000000 358.000000 0.000000 360.000000 0.000000 356.000000 0.000000 362.000000 0.000000 364.000000 0.000000 352.000000 0.000000 356.000000 0.000000 366.000000 0.000000 360.000000 0.000000 358.000000 0.000000 354.000000 -4.000000 354.000000 0.000000 360.000000 0.000000 360.000000 0.000000 358.000000 0.000000 358.000000 0.000000 364.000000 0.000000 362.000000 0.000000 356.000000 0.000000 360.000000 0.000000 362.000000 0.000000 358.000000 0.000000 352.000000 0.000000 362.000000 0.000000 356.000000 0.000000 358.000000 0.000000 364.000000 0.000000 364.000000 0.000000 354.000000 0.000000 356.000000 0.000000 0.000000 0.000000 0.000000 0.000000 0.000000 0.000000 0.000000 0.000000 0.000000 0.000000 0.000000 0.000000 0.000000 0.000000 0.000000 0.000000 0.000000 0.000000 0.000000 0.000000 0.000000 0.000000 0.000000 0.000000 0.000000 0.000000 0.000000 0.000000 0.000000 0.000000 0.000000 0.000000 0.000000 0.000000 0.000000 0.000000 0.000000 0.000000 0.000000 0.000000 0.000000 0.000000 0.000000 0.000000 0.000000 0.000000 0.000000 0.000000 0.000000 0.000000 0.000000 0.000000 0.000000 0.000000 0.000000 0.000000 0.000000 0.000000 0.000000 0.000000 0.000000 0.000000 0.000000 0.000000 0.000000 0.000000 0.000000 0.000000 0.000000 0.000000 0.000000 0.000000 0.000000 0.000000 0.000000 0.000000 0.000000 0.000000 0.000000 0.000000 70.000000 0.000000 64.000000 0.000000 64.000000 0.000000 64.000000 0.000000 64.000000 0.000000 64.000000 0.000000 64.000000 0.000000 64.000000 0.000000 64.000000 0.000000 64.000000 0.000000 72.000000 0.000000 64.000000 0.000000 64.000000 0.000000 66.000000 0.000000 64.000000 0.000000 68.000000 0.000000 64.000000 0.000000 64.000000 0.000000 64.000000 0.000000 68.000000 0.000000 68.000000 0.000000 66.000000 0.000000 64.000000 0.000000 64.000000 0.000000 68.000000 0.000000 70.000000 0.000000 72.000000 0.000000 66.000000 0.000000 64.000000 0.000000 64.000000 0.000000 68.000000 0.000000 64.000000 0.000000 64.000000 0.000000 64.000000 0.000000 64.000000 0.000000 66.000000 0.000000 64.000000 0.000000 64.000000 0.000000 64.000000 0.000000 64.000000 0.000000 0.000000 0.000000 0.000000 0.000000 0.000000 0.000000 0.000000 0.000000 0.000000 0.000000 0.000000 0.000000 0.000000 0.000000 0.000000 0.000000 0.000000 0.000000 0.000000 0.000000 0.000000 0.000000 0.000000 0.000000 0.000000 0.000000 0.000000 0.000000 0.000000 0.000000 0.000000 0.000000 0.000000 0.000000 0.000000 0.000000 0.000000 0.000000 0.000000 0.000000 0.000000 0.000000 0.000000 0.000000 0.000000 0.000000 0.000000 0.000000 0.000000 0.000000 0.000000 0.000000 0.000000 0.000000 0.000000 0.000000 0.000000 0.000000 0.000000 0.000000 0.000000 0.000000 0.000000 0.000000 0.000000 0.000000 0.000000 0.000000 0.000000 0.000000 0.000000 0.000000 0.000000 0.000000 0.000000 0.000000 0.000000 0.000000 0.000000 0.000000
38877 2 80 358.000000 0.000000 358.000000 0.000000 354.000000 0.000000 366.000000 0.000000 352.000000 0.000000 362.000000 0.000000 354.000000 0.000000 360.000000 0.000000 356.000000 0.000000 360.000000 0.000000 358.000000 0.000000 360.000000 0.000000 356.000000 0.000000 362.000000 0.000000 364.000000 0.000000 352.000000 0.000000 356.000000 0.000000 366.000000 0.000000 360.000000 0.000000 358.000000 0.000000 354.000000 -4.000000 354.000000 0.000000 360.000000 0.000000 360.000000 0.000000 358.000000 0.000000 358.000000 0.000000 364.000000 0.000000 362.000000 0.000000 356.000000 0.000000 360.000000 0.000000 362.000000 0.000000 358.000000 0.000000 352.000000 0.000000 362.000000 0.000000 356.000000 0.000000 358.000000 0.000000 364.000000 0.000000 364.000000 0.000000 354.000000 0.000000 356.000000 0.000000 0.000000 0.000000 0.000000 0.000000 0.000000 0.000000 0.000000 0.000000 0.000000 0.000000 0.000000 0.000000 0.000000 0.000000 0.000000 0.000000 0.000000 0.000000 0.000000 0.000000 0.000000 0.000000 0.000000 0.000000 0.000000 0.000000 0.000000 0.000000 0.000000 0.000000 0.000000 0.000000 0.000000 0.000000 0.000000 0.000000 0.000000 0.000000 0.000000 0.000000 0.000000 0.000000 0.000000 0.000000 0.000000 0.000000 0.000000 0.000000 0.000000 0.000000 0.000000 0.000000 0.000000 0.000000 0.000000 0.000000 0.000000 0.000000 0.000000 0.000000 0.000000 0.000000 0.000000 0.000000 0.000000 0.000000 0.000000 0.000000 0.000000 0.000000 0.000000 0.000000 0.000000 0.000000 0.000000 0.000000 0.000000 0.000000 0.000000 0.000000 70.000000 0.000000 64.000000 0.000000 64.000000 0.000000 64.000000 0.000000 64.000000 0.000000 64.000000 0.000000 64.000000 0.000000 64.000000 0.000000 64.000000 0.000000 64.000000 0.000000 72.000000 0.000000 64.000000 0.000000 64.000000 0.000000 66.000000 0.000000 64.000000 0.000000 68.000000 0.000000 64.000000 0.000000 64.000000 0.000000 64.000000 0.000000 68.000000 0.000000 68.000000 0.000000 66.000000 0.000000 64.000000 0.000000 64.000000 0.000000 68.000000 0.000000 70.000000 0.000000 72.000000 0.000000 66.000000 0.000000 64.000000 0.000000 64.000000 0.000000 68.000000 0.000000 64.000000 0.000000 64.000000 0.000000 64.000000 0.000000 64.000000 0.000000 66.000000 0.000000 64.000000 0.000000 64.000000 0.000000 64.000000 0.000000 64.000000 0.000000 0.000000 0.000000 0.000000 0.000000 0.000000 0.000000 0.000000 0.000000 0.000000 0.000000 0.000000 0.000000 0.000000 0.000000 0.000000 0.000000 0.000000 0.000000 0.000000 0.000000 0.000000 0.000000 0.000000 0.000000 0.000000 0.000000 0.000000 0.000000 0.000000 0.000000 0.000000 0.000000 0.000000 0.000000 0.000000 0.000000 0.000000 0.000000 0.000000 0.000000 0.000000 0.000000 0.000000 0.000000 0.000000 0.000000 0.000000 0.000000 0.000000 0.000000 0.000000 0.000000 0.000000 0.000000 0.000000 0.000000 0.000000 0.000000 0.000000 0.000000 0.000000 0.000000 0.000000 0.000000 0.000000 0.000000 0.000000 0.000000 0.000000 0.000000 0.000000 0.000000 0.000000 0.000000 0.000000 0.000000 0.000000 0.000000 0.000000 0.000000
38877 2 80 358.000000 0.000000 358.000000 0.000000 354.000000 0.000000 366.000000 0.000000 352.000000 0.000000 362.000000 0.000000 354.000000 0.000000 360.000000 0.000000 356.000000 0.000000 360.000000 0.000000 358.000000 0.000000 360.000000 0.000000 356.000000 0.000000 362.000000 0.000000 364.000000 0.000000 352.000000 0.000000 356.000000 0.000000 366.000000 0.000000 360.000000 0.000000 358.000000 0.000000 354.000000 -4.000000 354.000000 0.000000 360.000000 0.000000 360.000000 0.000000 358.000000 0.000000 358.000000 0.000000 364.000000 0.000000 362.000000 0.000000 356.000000 0.000000 360.000000 0.000000 362.000000 0.000000 358.000000 0.000000 352.000000 0.000000 362.000000 0.000000 356.000000 0.000000 358.000000 0.000000 364.000000 0.000000 364.000000 0.000000 354.000000 0.000000 356.000000 0.000000 0.000000 0.000000 0.000000 0.000000 0.000000 0.000000 0.000000 0.000000 0.000000 0.000000 0.000000 0.000000 0.000000 0.000000 0.000000 0.000000 0.000000 0.000000 0.000000 0.000000 0.000000 0.000000 0.000000 0.000000 0.000000 0.000000 0.000000 0.000000 0.000000 0.000000 0.000000 0.000000 0.000000 0.000000 0.000000 0.000000 0.000000 0.000000 0.000000 0.000000 0.000000 0.000000 0.000000 0.000000 0.000000 0.000000 0.000000 0.000000 0.000000 0.000000 0.000000 0.000000 0.000000 0.000000 0.000000 0.000000 0.000000 0.000000 0.000000 0.000000 0.000000 0.000000 0.000000 0.000000 0.000000 0.000000 0.000000 0.000000 0.000000 0.000000 0.000000 0.000000 0.000000 0.000000 0.000000 0.000000 0.000000 0.000000 0.000000 0.000000 70.000000 0.000000 64.000000 0.000000 64.000000 0.000000 64.000000 0.000000 64.000000 0.000000 64.000000 0.000000 64.000000 0.000000 64.000000 0.000000 64.000000 0.000000 64.000000 0.000000 72.000000 0.000000 64.000000 0.000000 64.000000 0.000000 66.000000 0.000000 64.000000 0.000000 68.000000 0.000000 64.000000 0.000000 64.000000 0.000000 64.000000 0.000000 68.000000 0.000000 68.000000 0.000000 66.000000 0.000000 64.000000 0.000000 64.000000 0.000000 68.000000 0.000000 70.000000 0.000000 72.000000 0.000000 66.000000 0.000000 64.000000 0.000000 64.000000 0.000000 68.000000 0.000000 64.000000 0.000000 64.000000 0.000000 64.000000 0.000000 64.000000 0.000000 66.000000 0.000000 64.000000 0.000000 64.000000 0.000000 64.000000 0.000000 64.000000 0.000000 0.000000 0.000000 0.000000 0.000000 0.000000 0.000000 0.000000 0.000000 0.000000 0.000000 0.000000 0.000000 0.000000 0.000000 0.000000 0.000000 0.000000 0.000000 0.000000 0.000000 0.000000 0.000000 0.000000 0.000000 0.000000 0.000000 0.000000 0.000000 0.000000 0.000000 0.000000 0.000000 0.000000 0.000000 0.000000 0.000000 0.000000 0.000000 0.000000 0.000000 0.000000 0.000000 0.000000 0.000000 0.000000 0.000000 0.000000 0.000000 0.000000 0.000000 0.000000 0.000000 0.000000 0.000000 0.000000 0.000000 0.000000 0.000000 0.000000 0.000000 0.000000 0.000000 0.000000 0.000000 0.000000 0.000000 0.000000 0.000000 0.000000 0.000000 0.000000 0.000000 0.000000 0.000000 0.000000 0.000000 0.000000 0.000000 0.000000 0.000000
38877 2 80 362.000000 0.000000 360.000000 0.000000 366.000000 0.000000 364.000000 0.000000 368.000000 0.000000 364.000000 0.000000 358.000000 0.000000 360.000000 0.000000 362.000000 0.000000 368.000000 0.000000 358.000000 0.000000 362.000000 0.000000 368.000000 0.000000 368.000000 0.000000 360.000000 0.000000 368.000000 0.000000 366.000000 0.000000 360.000000 0.000000 362.000000 0.000000 354.000000 0.000000 376.000000 2.000000 366.000000 0.000000 364.000000 0.000000 360.000000 0.000000 364.000000 0.000000 362.000000 0.000000 362.000000 0.000000 362.000000 0.000000 362.000000 0.000000 358.000000 0.000000 360.000000 0.000000 362.000000 0.000000 366.000000 0.000000 358.000000 0.000000 354.000000 0.000000 354.000000 0.000000 364.000000 0.000000 362.000000 0.000000 358.000000 0.000000 366.000000 0.000000 0.000000 0.000000 0.000000 0.000000 0.000000 0.000000 0.000000 0.000000 0.000000 0.000000 0.000000 0.000000 0.000000 0.000000 0.000000 0.000000 0.000000 0.000000 0.000000 0.000000 0.000000 0.000000 0.000000 0.000000 0.000000 0.000000 0.000000 0.000000 0.000000 0.000000 0.000000 0.000000 0.000000 0.000000 0.000000 0.000000 0.000000 0.000000 0.000000 0.000000 0.000000 0.000000 0.000000 0.000000 0.000000 0.000000 0.000000 0.000000 0.000000 0.000000 0.000000 0.000000 0.000000 0.000000 0.000000 0.000000 0.000000 0.000000 0.000000 0.000000 0.000000 0.000000 0.000000 0.000000 0.000000 0.000000 0.000000 0.000000 0.000000 0.000000 0.000000 0.000000 0.000000 0.000000 0.000000 0.000000 0.000000 0.000000 0.000000 0.000000 72.000000 0.000000 64.000000 0.000000 64.000000 0.000000 64.000000 0.000000 70.000000 0.000000 64.000000 0.000000 64.000000 0.000000 68.000000 0.000000 64.000000 0.000000 64.000000 0.000000 64.000000 0.000000 64.000000 0.000000 64.000000 0.000000 64.000000 0.000000 64.000000 0.000000 68.000000 0.000000 64.000000 0.000000 64.000000 0.000000 64.000000 0.000000 64.000000 0.000000 72.000000 -2.000000 76.000000 0.000000 74.000000 0.000000 70.000000 0.000000 68.000000 0.000000 74.000000 0.000000 64.000000 0.000000 68.000000 0.000000 68.000000 0.000000 64.000000 0.000000 64.000000 0.000000 64.000000 0.000000 64.000000 0.000000 64.000000 0.000000 64.000000 0.000000 64.000000 0.000000 70.000000 0.000000 68.000000 0.000000 68.000000 0.000000 66.000000 0.000000 0.000000 0.000000 0.000000 0.000000 0.000000 0.000000 0.000000 0.000000 0.000000 0.000000 0.000000 0.000000 0.000000 0.000000 0.000000 0.000000 0.000000 0.000000 0.000000 0.000000 0.000000 0.000000 0.000000 0.000000 0.000000 0.000000 0.000000 0.000000 0.000000 0.000000 0.000000 0.000000 0.000000 0.000000 0.000000 0.000000 0.000000 0.000000 0.000000 0.000000 0.000000 0.000000 0.000000 0.000000 0.000000 0.000000 0.000000 0.000000 0.000000 0.000000 0.000000 0.000000 0.000000 0.000000 0.000000 0.000000 0.000000 0.000000 0.000000 0.000000 0.000000 0.000000 0.000000 0.000000 0.000000 0.000000 0.000000 0.000000 0.000000 0.000000 0.000000 0.000000 0.000000 0.000000 0.000000 0.000000 0.000000 0.000000 0.000000 0.000000
38877 2 80 360.000000 0.000000 362.000000 0.000000 362.000000 0.000000 364.000000 0.000000 362.000000 0.000000 356.000000 0.000000 362.000000 0.000000 368.000000 0.000000 358.000000 0.000000 362.000000 0.000000 356.000000 0.000000 368.000000 0.000000 366.000000 0.000000 364.000000 0.000000 362.000000 0.000000 362.000000 0.000000 358.000000 0.000000 366.000000 0.000000 368.000000 0.000000 360.000000 0.000000 366.000000 -20.000000 358.000000 0.000000 360.000000 0.000000 360.000000 0.000000 362.000000 0.000000 360.000000 0.000000 366.000000 0.000000 360.000000 0.000000 364.000000 0.000000 364.000000 0.000000 362.000000 0.000000 368.000000 0.000000 364.000000 0.000000 354.000000 0.000000 362.000000 0.000000 356.000000 0.000000 358.000000 0.000000 366.000000 0.000000 364.000000 0.000000 362.000000 0.000000 0.000000 0.000000 0.000000 0.000000 0.000000 0.000000 0.000000 0.000000 0.000000 0.000000 0.000000 0.000000 0.000000 0.000000 0.000000 0.000000 0.000000 0.000000 0.000000 0.000000 0.000000 0.000000 0.000000 0.000000 0.000000 0.000000 0.000000 0.000000 0.000000 0.000000 0.000000 0.000000 0.000000 0.000000 0.000000 0.000000 0.000000 0.000000 0.000000 0.000000 0.000000 0.000000 0.000000 0.000000 0.000000 0.000000 0.000000 0.000000 0.000000 0.000000 0.000000 0.000000 0.000000 0.000000 0.000000 0.000000 0.000000 0.000000 0.000000 0.000000 0.000000 0.000000 0.000000 0.000000 0.000000 0.000000 0.000000 0.000000 0.000000 0.000000 0.000000 0.000000 0.000000 0.000000 0.000000 0.000000 0.000000 0.000000 0.000000 0.000000 70.000000 0.000000 64.000000 0.000000 64.000000 0.000000 64.000000 0.000000 64.000000 0.000000 64.000000 0.000000 64.000000 0.000000 66.000000 0.000000 64.000000 0.000000 64.000000 0.000000 64.000000 0.000000 70.000000 0.000000 64.000000 0.000000 68.000000 0.000000 64.000000 0.000000 68.000000 0.000000 64.000000 0.000000 66.000000 0.000000 64.000000 0.000000 66.000000 0.000000 72.000000 -4.000000 66.000000 0.000000 72.000000 0.000000 68.000000 0.000000 68.000000 0.000000 66.000000 0.000000 70.000000 0.000000 68.000000 0.000000 64.000000 0.000000 72.000000 0.000000 64.000000 0.000000 64.000000 0.000000 66.000000 0.000000 64.000000 0.000000 68.000000 0.000000 64.000000 0.000000 64.000000 0.000000 72.000000 0.000000 68.000000 0.000000 64.000000 0.000000 0.000000 0.000000 0.000000 0.000000 0.000000 0.000000 0.000000 0.000000 0.000000 0.000000 0.000000 0.000000 0.000000 0.000000 0.000000 0.000000 0.000000 0.000000 0.000000 0.000000 0.000000 0.000000 0.000000 0.000000 0.000000 0.000000 0.000000 0.000000 0.000000 0.000000 0.000000 0.000000 0.000000 0.000000 0.000000 0.000000 0.000000 0.000000 0.000000 0.000000 0.000000 0.000000 0.000000 0.000000 0.000000 0.000000 0.000000 0.000000 0.000000 0.000000 0.000000 0.000000 0.000000 0.000000 0.000000 0.000000 0.000000 0.000000 0.000000 0.000000 0.000000 0.000000 0.000000 0.000000 0.000000 0.000000 0.000000 0.000000 0.000000 0.000000 0.000000 0.000000 0.000000 0.000000 0.000000 0.000000 0.000000 0.000000 0.000000 0.000000
38877 2 80 360.000000 0.000000 362.000000 0.000000 362.000000 0.000000 364.000000 0.000000 362.000000 0.000000 356.000000 0.000000 362.000000 0.000000 368.000000 0.000000 358.000000 0.000000 362.000000 0.000000 356.000000 0.000000 368.000000 0.000000 366.000000 0.000000 364.000000 0.000000 362.000000 0.000000 362.000000 0.000000 358.000000 0.000000 366.000000 0.000000 368.000000 0.000000 360.000000 0.000000 366.000000 -20.000000 358.000000 0.000000 360.000000 0.000000 360.000000 0.000000 362.000000 0.000000 360.000000 0.000000 366.000000 0.000000 360.000000 0.000000 364.000000 0.000000 364.000000 0.000000 362.000000 0.000000 368.000000 0.000000 364.000000 0.000000 354.000000 0.000000 362.000000 0.000000 356.000000 0.000000 358.000000 0.000000 366.000000 0.000000 364.000000 0.000000 362.000000 0.000000 0.000000 0.000000 0.000000 0.000000 0.000000 0.000000 0.000000 0.000000 0.000000 0.000000 0.000000 0.000000 0.000000 0.000000 0.000000 0.000000 0.000000 0.000000 0.000000 0.000000 0.000000 0.000000 0.000000 0.000000 0.000000 0.000000 0.000000 0.000000 0.000000 0.000000 0.000000 0.000000 0.000000 0.000000 0.000000 0.000000 0.000000 0.000000 0.000000 0.000000 0.000000 0.000000 0.000000 0.000000 0.000000 0.000000 0.000000 0.000000 0.000000 0.000000 0.000000 0.000000 0.000000 0.000000 0.000000 0.000000 0.000000 0.000000 0.000000 0.000000 0.000000 0.000000 0.000000 0.000000 0.000000 0.000000 0.000000 0.000000 0.000000 0.000000 0.000000 0.000000 0.000000 0.000000 0.000000 0.000000 0.000000 0.000000 0.000000 0.000000 70.000000 0.000000 64.000000 0.000000 64.000000 0.000000 64.000000 0.000000 64.000000 0.000000 64.000000 0.000000 64.000000 0.000000 66.000000 0.000000 64.000000 0.000000 64.000000 0.000000 64.000000 0.000000 70.000000 0.000000 64.000000 0.000000 68.000000 0.000000 64.000000 0.000000 68.000000 0.000000 64.000000 0.000000 66.000000 0.000000 64.000000 0.000000 66.000000 0.000000 72.000000 -4.000000 66.000000 0.000000 72.000000 0.000000 68.000000 0.000000 68.000000 0.000000 66.000000 0.000000 70.000000 0.000000 68.000000 0.000000 64.000000 0.000000 72.000000 0.000000 64.000000 0.000000 64.000000 0.000000 66.000000 0.000000 64.000000 0.000000 68.000000 0.000000 64.000000 0.000000 64.000000 0.000000 72.000000 0.000000 68.000000 0.000000 64.000000 0.000000 0.000000 0.000000 0.000000 0.000000 0.000000 0.000000 0.000000 0.000000 0.000000 0.000000 0.000000 0.000000 0.000000 0.000000 0.000000 0.000000 0.000000 0.000000 0.000000 0.000000 0.000000 0.000000 0.000000 0.000000 0.000000 0.000000 0.000000 0.000000 0.000000 0.000000 0.000000 0.000000 0.000000 0.000000 0.000000 0.000000 0.000000 0.000000 0.000000 0.000000 0.000000 0.000000 0.000000 0.000000 0.000000 0.000000 0.000000 0.000000 0.000000 0.000000 0.000000 0.000000 0.000000 0.000000 0.000000 0.000000 0.000000 0.000000 0.000000 0.000000 0.000000 0.000000 0.000000 0.000000 0.000000 0.000000 0.000000 0.000000 0.000000 0.000000 0.000000 0.000000 0.000000 0.000000 0.000000 0.000000 0.000000 0.000000 0.000000 0.000000
38877 2 71 358.000000 0.000000 360.000000 0.000000 358.000000 0.000000 362.000000 0.000000 352.000000 0.000000 360.000000 0.000000 354.000000 0.000000 358.000000 0.000000 356.000000 0.000000 358.000000 0.000000 356.000000 0.000000 360.000000 0.000000 356.000000 0.000000 358.000000 0.000000 360.000000 0.000000 364.000000 0.000000 360.000000 -4.000000 360.000000 0.000000 354.000000 0.000000 356.000000 0.000000 352.000000 0.000000 364.000000 0.000000 362.000000 0.000000 360.000000 0.000000 354.000000 0.000000 362.000000 0.000000 356.000000 0.000000 352.000000 0.000000 356.000000 0.000000 354.000000 0.000000 362.000000 0.000000 364.000000 0.000000 356.000000 0.000000 360.000000 0.000000 356.000000 0.000000 360.000000 0.000000 0.000000 0.000000 0.000000 0.000000 0.000000 0.000000 0.000000 0.000000 0.000000 0.000000 0.000000 0.000000 0.000000 0.000000 0.000000 0.000000 0.000000 0.000000 0.000000 0.000000 0.000000 0.000000 0.000000 0.000000 0.000000 0.000000 0.000000 0.000000 0.000000 0.000000 0.000000 0.000000 0.000000 0.000000 0.000000 0.000000 0.000000 0.000000 0.000000 0.000000 0.000000 0.000000 0.000000 0.000000 0.000000 0.000000 0.000000 0.000000 0.000000 0.000000 0.000000 0.000000 0.000000 0.000000 0.000000 0.000000 0.000000 0.000000 0.000000 0.000000 0.000000 0.000000 0.000000 0.000000 0.000000 0.000000 0.000000 0.000000 0.000000 0.000000 70.000000 0.000000 68.000000 0.000000 64.000000 0.000000 64.000000 0.000000 64.000000 0.000000 64.000000 0.000000 64.000000 0.000000 64.000000 0.000000 64.000000 0.000000 64.000000 0.000000 64.000000 0.000000 64.000000 0.000000 66.000000 0.000000 68.000000 0.000000 64.000000 0.000000 64.000000 0.000000 68.000000 0.000000 66.000000 0.000000 66.000000 0.000000 64.000000 0.000000 64.000000 0.000000 72.000000 0.000000 68.000000 0.000000 68.000000 0.000000 70.000000 0.000000 64.000000 0.000000 66.000000 0.000000 64.000000 0.000000 68.000000 0.000000 66.000000 0.000000 68.000000 0.000000 68.000000 0.000000 66.000000 0.000000 66.000000 0.000000 64.000000 0.000000 66.000000 0.000000 0.000000 0.000000 0.000000 0.000000 0.000000 0.000000 0.000000 0.000000 0.000000 0.000000 0.000000 0.000000 0.000000 0.000000 0.000000 0.000000 0.000000 0.000000 0.000000 0.000000 0.000000 0.000000 0.000000 0.000000 0.000000 0.000000 0.000000 0.000000 0.000000 0.000000 0.000000 0.000000 0.000000 0.000000 0.000000 0.000000 0.000000 0.000000 0.000000 0.000000 0.000000 0.000000 0.000000 0.000000 0.000000 0.000000 0.000000 0.000000 0.000000 0.000000 0.000000 0.000000 0.000000 0.000000 0.000000 0.000000 0.000000 0.000000 0.000000 0.000000 0.000000 0.000000 0.000000 0.000000 0.000000 0.000000 0.000000 0.000000 0.000000 0.000000
38877 2 71 358.000000 0.000000 360.000000 0.000000 358.000000 0.000000 362.000000 0.000000 352.000000 0.000000 360.000000 0.000000 354.000000 0.000000 358.000000 0.000000 356.000000 0.000000 358.000000 0.000000 356.000000 0.000000 360.000000 0.000000 356.000000 0.000000 358.000000 0.000000 360.000000 0.000000 364.000000 0.000000 360.000000 -4.000000 360.000000 0.000000 354.000000 0.000000 356.000000 0.000000 352.000000 0.000000 364.000000 0.000000 362.000000 0.000000 360.000000 0.000000 354.000000 0.000000 362.000000 0.000000 356.000000 0.000000 352.000000 0.000000 356.000000 0.000000 354.000000 0.000000 362.000000 0.000000 364.000000 0.000000 356.000000 0.000000 360.000000 0.000000 356.000000 0.000000 360.000000 0.000000 0.000000 0.000000 0.000000 0.000000 0.000000 0.000000 0.000000 0.000000 0.000000 0.000000 0.000000 0.000000 0.000000 0.000000 0.000000 0.000000 0.000000 0.000000 0.000000 0.000000 0.000000 0.000000 0.000000 0.000000 0.000000 0.000000 0.000000 0.000000 0.000000 0.000000 0.000000 0.000000 0.000000 0.000000 0.000000 0.000000 0.000000 0.000000 0.000000 0.000000 0.000000 0.000000 0.000000 0.000000 0.000000 0.000000 0.000000 0.000000 0.000000 0.000000 0.000000 0.000000 0.000000 0.000000 0.000000 0.000000 0.000000 0.000000 0.000000 0.000000 0.000000 0.000000 0.000000 0.000000 0.000000 0.000000 0.000000 0.000000 0.000000 0.000000 70.000000 0.000000 68.000000 0.000000 64.000000 0.000000 64.000000 0.000000 64.000000 0.000000 64.000000 0.000000 64.000000 0.000000 64.000000 0.000000 64.000000 0.000000 64.000000 0.000000 64.000000 0.000000 64.000000 0.000000 66.000000 0.000000 68.000000 0.000000 64.000000 0.000000 64.000000 0.000000 68.000000 0.000000 66.000000 0.000000 66.000000 0.000000 64.000000 0.000000 64.000000 0.000000 72.000000 0.000000 68.000000 0.000000 68.000000 0.000000 70.000000 0.000000 64.000000 0.000000 66.000000 0.000000 64.000000 0.000000 68.000000 0.000000 66.000000 0.000000 68.000000 0.000000 68.000000 0.000000 66.000000 0.000000 66.000000 0.000000 64.000000 0.000000 66.000000 0.000000 0.000000 0.000000 0.000000 0.000000 0.000000 0.000000 0.000000 0.000000 0.000000 0.000000 0.000000 0.000000 0.000000 0.000000 0.000000 0.000000 0.000000 0.000000 0.000000 0.000000 0.000000 0.000000 0.000000 0.000000 0.000000 0.000000 0.000000 0.000000 0.000000 0.000000 0.000000 0.000000 0.000000 0.000000 0.000000 0.000000 0.000000 0.000000 0.000000 0.000000 0.000000 0.000000 0.000000 0.000000 0.000000 0.000000 0.000000 0.000000 0.000000 0.000000 0.000000 0.000000 0.000000 0.000000 0.000000 0.000000 0.000000 0.000000 0.000000 0.000000 0.000000 0.000000 0.000000 0.000000 0.000000 0.000000 0.000000 0.000000 0.000000 0.000000
38877 2 71 358.000000 0.000000 360.000000 0.000000 358.000000 0.000000 362.000000 0.000000 352.000000 0.000000 360.000000 0.000000 354.000000 0.000000 358.000000 0.000000 356.000000 0.000000 358.000000 0.000000 356.000000 0.000000 360.000000 0.000000 356.000000 0.000000 358.000000 0.000000 360.000000 0.000000 364.000000 0.000000 360.000000 -4.000000 360.000000 0.000000 354.000000 0.000000 356.000000 0.000000 352.000000 0.000000 364.000000 0.000000 362.000000 0.000000 360.000000 0.000000 354.000000 0.000000 362.000000 0.000000 356.000000 0.000000 352.000000 0.000000 356.000000 0.000000 354.000000 0.000000 362.000000 0.000000 364.000000 0.000000 356.000000 0.000000 360.000000 0.000000 356.000000 0.000000 360.000000 0.000000 0.000000 0.000000 0.000000 0.000000 0.000000 0.000000 0.000000 0.000000 0.000000 0.000000 0.000000 0.000000 0.000000 0.000000 0.000000 0.000000 0.000000 0.000000 0.000000 0.000000 0.000000 0.000000 0.000000 0.000000 0.000000 0.000000 0.000000 0.000000 0.000000 0.000000 0.000000 0.000000 0.000000 0.000000 0.000000 0.000000 0.000000 0.000000 0.000000 0.000000 0.000000 0.000000 0.000000 0.000000 0.000000 0.000000 0.000000 0.000000 0.000000 0.000000 0.000000 0.000000 0.000000 0.000000 0.000000 0.000000 0.000000 0.000000 0.000000 0.000000 0.000000 0.000000 0.000000 0.000000 0.000000 0.000000 0.000000 0.000000 0.000000 0.000000 70.000000 0.000000 68.000000 0.000000 64.000000 0.000000 64.000000 0.000000 64.000000 0.000000 64.000000 0.000000 64.000000 0.000000 64.000000 0.000000 64.000000 0.000000 64.000000 0.000000 64.000000 0.000000 64.000000 0.000000 66.000000 0.000000 68.000000 0.000000 64.000000 0.000000 64.000000 0.000000 68.000000 0.000000 66.000000 0.000000 66.000000 0.000000 64.000000 0.000000 64.000000 0.000000 72.000000 0.000000 68.000000 0.000000 68.000000 0.000000 70.000000 0.000000 64.000000 0.000000 66.000000 0.000000 64.000000 0.000000 68.000000 0.000000 66.000000 0.000000 68.000000 0.000000 68.000000 0.000000 66.000000 0.000000 66.000000 0.000000 64.000000 0.000000 66.000000 0.000000 0.000000 0.000000 0.000000 0.000000 0.000000 0.000000 0.000000 0.000000 0.000000 0.000000 0.000000 0.000000 0.000000 0.000000 0.000000 0.000000 0.000000 0.000000 0.000000 0.000000 0.000000 0.000000 0.000000 0.000000 0.000000 0.000000 0.000000 0.000000 0.000000 0.000000 0.000000 0.000000 0.000000 0.000000 0.000000 0.000000 0.000000 0.000000 0.000000 0.000000 0.000000 0.000000 0.000000 0.000000 0.000000 0.000000 0.000000 0.000000 0.000000 0.000000 0.000000 0.000000 0.000000 0.000000 0.000000 0.000000 0.000000 0.000000 0.000000 0.000000 0.000000 0.000000 0.000000 0.000000 0.000000 0.000000 0.000000 0.000000 0.000000 0.000000
38877 2 71 358.000000 0.000000 360.000000 0.000000 358.000000 0.000000 362.000000 0.000000 352.000000 0.000000 360.000000 0.000000 354.000000 0.000000 358.000000 0.000000 356.000000 0.000000 358.000000 0.000000 356.000000 0.000000 360.000000 0.000000 356.000000 0.000000 358.000000 0.000000 360.000000 0.000000 364.000000 0.000000 360.000000 -4.000000 360.000000 0.000000 354.000000 0.000000 356.000000 0.000000 352.000000 0.000000 364.000000 0.000000 362.000000 0.000000 360.000000 0.000000 354.000000 0.000000 362.000000 0.000000 356.000000 0.000000 352.000000 0.000000 356.000000 0.000000 354.000000 0.000000 362.000000 0.000000 364.000000 0.000000 356.000000 0.000000 360.000000 0.000000 356.000000 0.000000 360.000000 0.000000 0.000000 0.000000 0.000000 0.000000 0.000000 0.000000 0.000000 0.000000 0.000000 0.000000 0.000000 0.000000 0.000000 0.000000 0.000000 0.000000 0.000000 0.000000 0.000000 0.000000 0.000000 0.000000 0.000000 0.000000 0.000000 0.000000 0.000000 0.000000 0.000000 0.000000 0.000000 0.000000 0.000000 0.000000 0.000000 0.000000 0.000000 0.000000 0.000000 0.000000 0.000000 0.000000 0.000000 0.000000 0.000000 0.000000 0.000000 0.000000 0.000000 0.000000 0.000000 0.000000 0.000000 0.000000 0.000000 0.000000 0.000000 0.000000 0.000000 0.000000 0.000000 0.000000 0.000000 0.000000 0.000000 0.000000 0.000000 0.000000 0.000000 0.000000 70.000000 0.000000 68.000000 0.000000 64.000000 0.000000 64.000000 0.000000 64.000000 0.000000 64.000000 0.000000 64.000000 0.000000 64.000000 0.000000 64.000000 0.000000 64.000000 0.000000 64.000000 0.000000 64.000000 0.000000 66.000000 0.000000 68.000000 0.000000 64.000000 0.000000 64.000000 0.000000 68.000000 0.000000 66.000000 0.000000 66.000000 0.000000 64.000000 0.000000 64.000000 0.000000 72.000000 0.000000 68.000000 0.000000 68.000000 0.000000 70.000000 0.000000 64.000000 0.000000 66.000000 0.000000 64.000000 0.000000 68.000000 0.000000 66.000000 0.000000 68.000000 0.000000 68.000000 0.000000 66.000000 0.000000 66.000000 0.000000 64.000000 0.000000 66.000000 0.000000 0.000000 0.000000 0.000000 0.000000 0.000000 0.000000 0.000000 0.000000 0.000000 0.000000 0.000000 0.000000 0.000000 0.000000 0.000000 0.000000 0.000000 0.000000 0.000000 0.000000 0.000000 0.000000 0.000000 0.000000 0.000000 0.000000 0.000000 0.000000 0.000000 0.000000 0.000000 0.000000 0.000000 0.000000 0.000000 0.000000 0.000000 0.000000 0.000000 0.000000 0.000000 0.000000 0.000000 0.000000 0.000000 0.000000 0.000000 0.000000 0.000000 0.000000 0.000000 0.000000 0.000000 0.000000 0.000000 0.000000 0.000000 0.000000 0.000000 0.000000 0.000000 0.000000 0.000000 0.000000 0.000000 0.000000 0.000000 0.000000 0.000000 0.000000
38877 2 71 358.000000 0.000000 360.000000 0.000000 358.000000 0.000000 362.000000 0.000000 352.000000 0.000000 360.000000 0.000000 354.000000 0.000000 358.000000 0.000000 356.000000 0.000000 358.000000 0.000000 356.000000 0.000000 360.000000 0.000000 356.000000 0.000000 358.000000 0.000000 360.000000 0.000000 364.000000 0.000000 360.000000 -4.000000 360.000000 0.000000 354.000000 0.000000 356.000000 0.000000 352.000000 0.000000 364.000000 0.000000 362.000000 0.000000 360.000000 0.000000 354.000000 0.000000 362.000000 0.000000 356.000000 0.000000 352.000000 0.000000 356.000000 0.000000 354.000000 0.000000 362.000000 0.000000 364.000000 0.000000 356.000000 0.000000 360.000000 0.000000 356.000000 0.000000 360.000000 0.000000 0.000000 0.000000 0.000000 0.000000 0.000000 0.000000 0.000000 0.000000 0.000000 0.000000 0.000000 0.000000 0.000000 0.000000 0.000000 0.000000 0.000000 0.000000 0.000000 0.000000 0.000000 0.000000 0.000000 0.000000 0.000000 0.000000 0.000000 0.000000 0.000000 0.000000 0.000000 0.000000 0.000000 0.000000 0.000000 0.000000 0.000000 0.000000 0.000000 0.000000 0.000000 0.000000 0.000000 0.000000 0.000000 0.000000 0.000000 0.000000 0.000000 0.000000 0.000000 0.000000 0.000000 0.000000 0.000000 0.000000 0.000000 0.000000 0.000000 0.000000 0.000000 0.000000 0.000000 0.000000 0.000000 0.000000 0.000000 0.000000 0.000000 0.000000 70.000000 0.000000 68.000000 0.000000 64.000000 0.000000 64.000000 0.000000 64.000000 0.000000 64.000000 0.000000 64.000000 0.000000 64.000000 0.000000 64.000000 0.000000 64.000000 0.000000 64.000000 0.000000 64.000000 0.000000 66.000000 0.000000 68.000000 0.000000 64.000000 0.000000 64.000000 0.000000 68.000000 0.000000 66.000000 0.000000 66.000000 0.000000 64.000000 0.000000 64.000000 0.000000 72.000000 0.000000 68.000000 0.000000 68.000000 0.000000 70.000000 0.000000 64.000000 0.000000 66.000000 0.000000 64.000000 0.000000 68.000000 0.000000 66.000000 0.000000 68.000000 0.000000 68.000000 0.000000 66.000000 0.000000 66.000000 0.000000 64.000000 0.000000 66.000000 0.000000 0.000000 0.000000 0.000000 0.000000 0.000000 0.000000 0.000000 0.000000 0.000000 0.000000 0.000000 0.000000 0.000000 0.000000 0.000000 0.000000 0.000000 0.000000 0.000000 0.000000 0.000000 0.000000 0.000000 0.000000 0.000000 0.000000 0.000000 0.000000 0.000000 0.000000 0.000000 0.000000 0.000000 0.000000 0.000000 0.000000 0.000000 0.000000 0.000000 0.000000 0.000000 0.000000 0.000000 0.000000 0.000000 0.000000 0.000000 0.000000 0.000000 0.000000 0.000000 0.000000 0.000000 0.000000 0.000000 0.000000 0.000000 0.000000 0.000000 0.000000 0.000000 0.000000 0.000000 0.000000 0.000000 0.000000 0.000000 0.000000 0.000000 0.000000
38877 2 80 362.000000 0.000000 366.000000 0.000000 364.000000 0.000000 368.000000 0.000000 362.000000 0.000000 360.000000 0.000000 360.000000 0.000000 360.000000 0.000000 358.000000 0.000000 360.000000 0.000000 368.000000 0.000000 364.000000 0.000000 362.000000 0.000000 362.000000 0.000000 364.000000 0.000000 368.000000 0.000000 360.000000 0.000000 358.000000 0.000000 364.000000 0.000000 362.000000 0.000000 356.000000 -10.000000 360.000000 0.000000 362.000000 0.000000 368.000000 0.000000 364.000000 0.000000 360.000000 0.000000 362.000000 0.000000 356.000000 0.000000 364.000000 0.000000 364.000000 0.000000 362.000000 0.000000 362.000000 0.000000 360.000000 0.000000 360.000000 0.000000 356.000000 0.000000 364.000000 0.000000 358.000000 0.000000 368.000000 0.000000 360.000000 0.000000 366.000000 0.000000 0.000000 0.000000 0.000000 0.000000 0.000000 0.000000 0.000000 0.000000 0.000000 0.000000 0.000000 0.000000 0.000000 0.000000 0.000000 0.000000 0.000000 0.000000 0.000000 0.000000 0.000000 0.000000 0.000000 0.000000 0.000000 0.000000 0.000000 0.000000 0.000000 0.000000 0.000000 0.000000 0.000000 0.000000 0.000000 0.000000 0.000000 0.000000 0.000000 0.000000 0.000000 0.000000 0.000000 0.000000 0.000000 0.000000 0.000000 0.000000 0.000000 0.000000 0.000000 0.000000 0.000000 0.000000 0.000000 0.000000 0.000000 0.000000 0.000000 0.000000 0.000000 0.000000 0.000000 0.000000 0.000000 0.000000 0.000000 0.000000 0.000000 0.000000 0.000000 0.000000 0.000000 0.000000 0.000000 0.000000 0.000000 0.000000 0.000000 0.000000 72.000000 0.000000 68.000000 0.000000 68.000000 0.000000 66.000000 0.000000 64.000000 0.000000 64.000000 0.000000 64.000000 0.000000 64.000000 0.000000 64.000000 0.000000 68.000000 0.000000 68.000000 0.000000 64.000000 0.000000 64.000000 0.000000 64.000000 0.000000 64.000000 0.000000 64.000000 0.000000 68.000000 0.000000 70.000000 0.000000 64.000000 0.000000 64.000000 0.000000 70.000000 -2.000000 64.000000 0.000000 72.000000 0.000000 66.000000 0.000000 68.000000 0.000000 70.000000 0.000000 68.000000 0.000000 70.000000 0.000000 64.000000 0.000000 68.000000 0.000000 68.000000 0.000000 64.000000 0.000000 64.000000 0.000000 66.000000 0.000000 64.000000 0.000000 64.000000 0.000000 64.000000 0.000000 66.000000 0.000000 64.000000 0.000000 64.000000 0.000000 0.000000 0.000000 0.000000 0.000000 0.000000 0.000000 0.000000 0.000000 0.000000 0.000000 0.000000 0.000000 0.000000 0.000000 0.000000 0.000000 0.000000 0.000000 0.000000 0.000000 0.000000 0.000000 0.000000 0.000000 0.000000 0.000000 0.000000 0.000000 0.000000 0.000000 0.000000 0.000000 0.000000 0.000000 0.000000 0.000000 0.000000 0.000000 0.000000 0.000000 0.000000 0.000000 0.000000 0.000000 0.000000 0.000000 0.000000 0.000000 0.000000 0.000000 0.000000 0.000000 0.000000 0.000000 0.000000 0.000000 0.000000 0.000000 0.000000 0.000000 0.000000 0.000000 0.000000 0.000000 0.000000 0.000000 0.000000 0.000000 0.000000 0.000000 0.000000 0.000000 0.000000 0.000000 0.000000 0.000000 0.000000 0.000000 0.000000 0.000000
38877 2 80 362.000000 0.000000 368.000000 0.000000 360.000000 0.000000 364.000000 0.000000 360.000000 0.000000 362.000000 0.000000 360.000000 0.000000 368.000000 0.000000 358.000000 0.000000 360.000000 0.000000 360.000000 0.000000 366.000000 0.000000 366.000000 0.000000 366.000000 0.000000 362.000000 0.000000 360.000000 0.000000 360.000000 0.000000 364.000000 0.000000 362.000000 0.000000 366.000000 0.000000 368.000000 4.000000 364.000000 0.000000 362.000000 0.000000 354.000000 0.000000 368.000000 0.000000 358.000000 0.000000 360.000000 0.000000 356.000000 0.000000 362.000000 0.000000 364.000000 0.000000 364.000000 0.000000 364.000000 0.000000 360.000000 0.000000 362.000000 0.000000 358.000000 0.000000 356.000000 0.000000 358.000000 0.000000 360.000000 0.000000 362.000000 0.000000 360.000000 0.000000 0.000000 0.000000 0.000000 0.000000 0.000000 0.000000 0.000000 0.000000 0.000000 0.000000 0.000000 0.000000 0.000000 0.000000 0.000000 0.000000 0.000000 0.000000 0.000000 0.000000 0.000000 0.000000 0.000000 0.000000 0.000000 0.000000 0.000000 0.000000 0.000000 0.000000 0.000000 0.000000 0.000000 0.000000 0.000000 0.000000 0.000000 0.000000 0.000000 0.000000 0.000000 0.000000 0.000000 0.000000 0.000000 0.000000 0.000000 0.000000 0.000000 0.000000 0.000000 0.000000 0.000000 0.000000 0.000000 0.000000 0.000000 0.000000 0.000000 0.000000 0.000000 0.000000 0.000000 0.000000 0.000000 0.000000 0.000000 0.000000 0.000000 0.000000 0.000000 0.000000 0.000000 0.000000 0.000000 0.000000 0.000000 0.000000 0.000000 0.000000 70.000000 0.000000 66.000000 0.000000 68.000000 0.000000 68.000000 0.000000 64.000000 0.000000 64.000000 0.000000 64.000000 0.000000 64.000000 0.000000 64.000000 0.000000 64.000000 0.000000 64.000000 0.000000 64.000000 0.000000 64.000000 0.000000 72.000000 0.000000 64.000000 0.000000 64.000000 0.000000 64.000000 0.000000 72.000000 0.000000 64.000000 0.000000 68.000000 0.000000 70.000000 0.000000 70.000000 0.000000 68.000000 0.000000 64.000000 0.000000 70.000000 0.000000 64.000000 0.000000 64.000000 0.000000 68.000000 0.000000 64.000000 0.000000 70.000000 0.000000 66.000000 0.000000 64.000000 0.000000 68.000000 0.000000 64.000000 0.000000 68.000000 0.000000 64.000000 0.000000 66.000000 0.000000 66.000000 0.000000 64.000000 0.000000 68.000000 0.000000 0.000000 0.000000 0.000000 0.000000 0.000000 0.000000 0.000000 0.000000 0.000000 0.000000 0.000000 0.000000 0.000000 0.000000 0.000000 0.000000 0.000000 0.000000 0.000000 0.000000 0.000000 0.000000 0.000000 0.000000 0.000000 0.000000 0.000000 0.000000 0.000000 0.000000 0.000000 0.000000 0.000000 0.000000 0.000000 0.000000 0.000000 0.000000 0.000000 0.000000 0.000000 0.000000 0.000000 0.000000 0.000000 0.000000 0.000000 0.000000 0.000000 0.000000 0.000000 0.000000 0.000000 0.000000 0.000000 0.000000 0.000000 0.000000 0.000000 0.000000 0.000000 0.000000 0.000000 0.000000 0.000000 0.000000 0.000000 0.000000 0.000000 0.000000 0.000000 0.000000 0.000000 0.000000 0.000000 0.000000 0.000000 0.000000 0.000000 0.000000
38877 2 80 358.000000 0.000000 364.000000 0.000000 356.000000 0.000000 362.000000 0.000000 358.000000 0.000000 356.000000 0.000000 356.000000 0.000000 356.000000 0.000000 354.000000 0.000000 352.000000 0.000000 364.000000 0.000000 358.000000 0.000000 360.000000 0.000000 358.000000 0.000000 362.000000 0.000000 358.000000 0.000000 356.000000 0.000000 364.000000 0.000000 354.000000 0.000000 366.000000 0.000000 354.000000 -4.000000 354.000000 0.000000 354.000000 0.000000 356.000000 0.000000 360.000000 0.000000 360.000000 0.000000 360.000000 0.000000 368.000000 0.000000 352.000000 0.000000 354.000000 0.000000 364.000000 0.000000 358.000000 0.000000 358.000000 0.000000 362.000000 0.000000 362.000000 0.000000 356.000000 0.000000 356.000000 0.000000 358.000000 0.000000 354.000000 0.000000 352.000000 0.000000 0.000000 0.000000 0.000000 0.000000 0.000000 0.000000 0.000000 0.000000 0.000000 0.000000 0.000000 0.000000 0.000000 0.000000 0.000000 0.000000 0.000000 0.000000 0.000000 0.000000 0.000000 0.000000 0.000000 0.000000 0.000000 0.000000 0.000000 0.000000 0.000000 0.000000 0.000000 0.000000 0.000000 0.000000 0.000000 0.000000 0.000000 0.000000 0.000000 0.000000 0.000000 0.000000 0.000000 0.000000 0.000000 0.000000 0.000000 0.000000 0.000000 0.000000 0.000000 0.000000 0.000000 0.000000 0.000000 0.000000 0.000000 0.000000 0.000000 0.000000 0.000000 0.000000 0.000000 0.000000 0.000000 0.000000 0.000000 0.000000 0.000000 0.000000 0.000000 0.000000 0.000000 0.000000 0.000000 0.000000 0.000000 0.000000 0.000000 0.000000 70.000000 0.000000 64.000000 0.000000 64.000000 0.000000 64.000000 0.000000 64.000000 0.000000 64.000000 0.000000 64.000000 0.000000 64.000000 0.000000 64.000000 0.000000 64.000000 0.000000 70.000000 0.000000 68.000000 0.000000 64.000000 0.000000 66.000000 0.000000 64.000000 0.000000 64.000000 0.000000 66.000000 0.000000 64.000000 0.000000 64.000000 0.000000 68.000000 0.000000 68.000000 0.000000 66.000000 0.000000 64.000000 0.000000 66.000000 0.000000 70.000000 0.000000 70.000000 0.000000 72.000000 0.000000 66.000000 0.000000 64.000000 0.000000 66.000000 0.000000 68.000000 0.000000 64.000000 0.000000 64.000000 0.000000 64.000000 0.000000 64.000000 0.000000 64.000000 0.000000 64.000000 0.000000 64.000000 0.000000 64.000000 0.000000 64.000000 0.000000 0.000000 0.000000 0.000000 0.000000 0.000000 0.000000 0.000000 0.000000 0.000000 0.000000 0.000000 0.000000 0.000000 0.000000 0.000000 0.000000 0.000000 0.000000 0.000000 0.000000 0.000000 0.000000 0.000000 0.000000 0.000000 0.000000 0.000000 0.000000 0.000000 0.000000 0.000000 0.000000 0.000000 0.000000 0.000000 0.000000 0.000000 0.000000 0.000000 0.000000 0.000000 0.000000 0.000000 0.000000 0.000000 0.000000 0.000000 0.000000 0.000000 0.000000 0.000000 0.000000 0.000000 0.000000 0.000000 0.000000 0.000000 0.000000 0.000000 0.000000 0.000000 0.000000 0.000000 0.000000 0.000000 0.000000 0.000000 0.000000 0.000000 0.000000 0.000000 0.000000 0.000000 0.000000 0.000000 0.000000 0.000000 0.000000 0.000000 0.000000
38877 2 80 358.000000 0.000000 364.000000 0.000000 356.000000 0.000000 362.000000 0.000000 358.000000 0.000000 356.000000 0.000000 356.000000 0.000000 356.000000 0.000000 354.000000 0.000000 352.000000 0.000000 364.000000 0.000000 358.000000 0.000000 360.000000 0.000000 358.000000 0.000000 362.000000 0.000000 358.000000 0.000000 356.000000 0.000000 364.000000 0.000000 354.000000 0.000000 366.000000 0.000000 354.000000 -4.000000 354.000000 0.000000 354.000000 0.000000 356.000000 0.000000 360.000000 0.000000 360.000000 0.000000 360.000000 0.000000 368.000000 0.000000 352.000000 0.000000 354.000000 0.000000 364.000000 0.000000 358.000000 0.000000 358.000000 0.000000 362.000000 0.000000 362.000000 0.000000 356.000000 0.000000 356.000000 0.000000 358.000000 0.000000 354.000000 0.000000 352.000000 0.000000 0.000000 0.000000 0.000000 0.000000 0.000000 0.000000 0.000000 0.000000 0.000000 0.000000 0.000000 0.000000 0.000000 0.000000 0.000000 0.000000 0.000000 0.000000 0.000000 0.000000 0.000000 0.000000 0.000000 0.000000 0.000000 0.000000 0.000000 0.000000 0.000000 0.000000 0.000000 0.000000 0.000000 0.000000 0.000000 0.000000 0.000000 0.000000 0.000000 0.000000 0.000000 0.000000 0.000000 0.000000 0.000000 0.000000 0.000000 0.000000 0.000000 0.000000 0.000000 0.000000 0.000000 0.000000 0.000000 0.000000 0.000000 0.000000 0.000000 0.000000 0.000000 0.000000 0.000000 0.000000 0.000000 0.000000 0.000000 0.000000 0.000000 0.000000 0.000000 0.000000 0.000000 0.000000 0.000000 0.000000 0.000000 0.000000 0.000000 0.000000 70.000000 0.000000 64.000000 0.000000 64.000000 0.000000 64.000000 0.000000 64.000000 0.000000 64.000000 0.000000 64.000000 0.000000 64.000000 0.000000 64.000000 0.000000 64.000000 0.000000 70.000000 0.000000 68.000000 0.000000 64.000000 0.000000 66.000000 0.000000 64.000000 0.000000 64.000000 0.000000 66.000000 0.000000 64.000000 0.000000 64.000000 0.000000 68.000000 0.000000 68.000000 0.000000 66.000000 0.000000 64.000000 0.000000 66.000000 0.000000 70.000000 0.000000 70.000000 0.000000 72.000000 0.000000 66.000000 0.000000 64.000000 0.000000 66.000000 0.000000 68.000000 0.000000 64.000000 0.000000 64.000000 0.000000 64.000000 0.000000 64.000000 0.000000 64.000000 0.000000 64.000000 0.000000 64.000000 0.000000 64.000000 0.000000 64.000000 0.000000 0.000000 0.000000 0.000000 0.000000 0.000000 0.000000 0.000000 0.000000 0.000000 0.000000 0.000000 0.000000 0.000000 0.000000 0.000000 0.000000 0.000000 0.000000 0.000000 0.000000 0.000000 0.000000 0.000000 0.000000 0.000000 0.000000 0.000000 0.000000 0.000000 0.000000 0.000000 0.000000 0.000000 0.000000 0.000000 0.000000 0.000000 0.000000 0.000000 0.000000 0.000000 0.000000 0.000000 0.000000 0.000000 0.000000 0.000000 0.000000 0.000000 0.000000 0.000000 0.000000 0.000000 0.000000 0.000000 0.000000 0.000000 0.000000 0.000000 0.000000 0.000000 0.000000 0.000000 0.000000 0.000000 0.000000 0.000000 0.000000 0.000000 0.000000 0.000000 0.000000 0.000000 0.000000 0.000000 0.000000 0.000000 0.000000 0.000000 0.000000
38877 2 80 358.000000 0.000000 364.000000 0.000000 356.000000 0.000000 362.000000 0.000000 358.000000 0.000000 356.000000 0.000000 356.000000 0.000000 356.000000 0.000000 354.000000 0.000000 352.000000 0.000000 364.000000 0.000000 358.000000 0.000000 360.000000 0.000000 358.000000 0.000000 362.000000 0.000000 358.000000 0.000000 356.000000 0.000000 364.000000 0.000000 354.000000 0.000000 366.000000 0.000000 354.000000 -4.000000 354.000000 0.000000 354.000000 0.000000 356.000000 0.000000 360.000000 0.000000 360.000000 0.000000 360.000000 0.000000 368.000000 0.000000 352.000000 0.000000 354.000000 0.000000 364.000000 0.000000 358.000000 0.000000 358.000000 0.000000 362.000000 0.000000 362.000000 0.000000 356.000000 0.000000 356.000000 0.000000 358.000000 0.000000 354.000000 0.000000 352.000000 0.000000 0.000000 0.000000 0.000000 0.000000 0.000000 0.000000 0.000000 0.000000 0.000000 0.000000 0.000000 0.000000 0.000000 0.000000 0.000000 0.000000 0.000000 0.000000 0.000000 0.000000 0.000000 0.000000 0.000000 0.000000 0.000000 0.000000 0.000000 0.000000 0.000000 0.000000 0.000000 0.000000 0.000000 0.000000 0.000000 0.000000 0.000000 0.000000 0.000000 0.000000 0.000000 0.000000 0.000000 0.000000 0.000000 0.000000 0.000000 0.000000 0.000000 0.000000 0.000000 0.000000 0.000000 0.000000 0.000000 0.000000 0.000000 0.000000 0.000000 0.000000 0.000000 0.000000 0.000000 0.000000 0.000000 0.000000 0.000000 0.000000 0.000000 0.000000 0.000000 0.000000 0.000000 0.000000 0.000000 0.000000 0.000000 0.000000 0.000000 0.000000 70.000000 0.000000 64.000000 0.000000 64.000000 0.000000 64.000000 0.000000 64.000000 0.000000 64.000000 0.000000 64.000000 0.000000 64.000000 0.000000 64.000000 0.000000 64.000000 0.000000 70.000000 0.000000 68.000000 0.000000 64.000000 0.000000 66.000000 0.000000 64.000000 0.000000 64.000000 0.000000 66.000000 0.000000 64.000000 0.000000 64.000000 0.000000 68.000000 0.000000 68.000000 0.000000 66.000000 0.000000 64.000000 0.000000 66.000000 0.000000 70.000000 0.000000 70.000000 0.000000 72.000000 0.000000 66.000000 0.000000 64.000000 0.000000 66.000000 0.000000 68.000000 0.000000 64.000000 0.000000 64.000000 0.000000 64.000000 0.000000 64.000000 0.000000 64.000000 0.000000 64.000000 0.000000 64.000000 0.000000 64.000000 0.000000 64.000000 0.000000 0.000000 0.000000 0.000000 0.000000 0.000000 0.000000 0.000000 0.000000 0.000000 0.000000 0.000000 0.000000 0.000000 0.000000 0.000000 0.000000 0.000000 0.000000 0.000000 0.000000 0.000000 0.000000 0.000000 0.000000 0.000000 0.000000 0.000000 0.000000 0.000000 0.000000 0.000000 0.000000 0.000000 0.000000 0.000000 0.000000 0.000000 0.000000 0.000000 0.000000 0.000000 0.000000 0.000000 0.000000 0.000000 0.000000 0.000000 0.000000 0.000000 0.000000 0.000000 0.000000 0.000000 0.000000 0.000000 0.000000 0.000000 0.000000 0.000000 0.000000 0.000000 0.000000 0.000000 0.000000 0.000000 0.000000 0.000000 0.000000 0.000000 0.000000 0.000000 0.000000 0.000000 0.000000 0.000000 0.000000 0.000000 0.000000 0.000000 0.000000
38877 2 80 358.000000 0.000000 364.000000 0.000000 356.000000 0.000000 362.000000 0.000000 358.000000 0.000000 356.000000 0.000000 356.000000 0.000000 356.000000 0.000000 354.000000 0.000000 352.000000 0.000000 364.000000 0.000000 358.000000 0.000000 360.000000 0.000000 358.000000 0.000000 362.000000 0.000000 358.000000 0.000000 356.000000 0.000000 364.000000 0.000000 354.000000 0.000000 366.000000 0.000000 354.000000 -4.000000 354.000000 0.000000 354.000000 0.000000 356.000000 0.000000 360.000000 0.000000 360.000000 0.000000 360.000000 0.000000 368.000000 0.000000 352.000000 0.000000 354.000000 0.000000 364.000000 0.000000 358.000000 0.000000 358.000000 0.000000 362.000000 0.000000 362.000000 0.000000 356.000000 0.000000 356.000000 0.000000 358.000000 0.000000 354.000000 0.000000 352.000000 0.000000 0.000000 0.000000 0.000000 0.000000 0.000000 0.000000 0.000000 0.000000 0.000000 0.000000 0.000000 0.000000 0.000000 0.000000 0.000000 0.000000 0.000000 0.000000 0.000000 0.000000 0.000000 0.000000 0.000000 0.000000 0.000000 0.000000 0.000000 0.000000 0.000000 0.000000 0.000000 0.000000 0.000000 0.000000 0.000000 0.000000 0.000000 0.000000 0.000000 0.000000 0.000000 0.000000 0.000000 0.000000 0.000000 0.000000 0.000000 0.000000 0.000000 0.000000 0.000000 0.000000 0.000000 0.000000 0.000000 0.000000 0.000000 0.000000 0.000000 0.000000 0.000000 0.000000 0.000000 0.000000 0.000000 0.000000 0.000000 0.000000 0.000000 0.000000 0.000000 0.000000 0.000000 0.000000 0.000000 0.000000 0.000000 0.000000 0.000000 0.000000 70.000000 0.000000 64.000000 0.000000 64.000000 0.000000 64.000000 0.000000 64.000000 0.000000 64.000000 0.000000 64.000000 0.000000 64.000000 0.000000 64.000000 0.000000 64.000000 0.000000 70.000000 0.000000 68.000000 0.000000 64.000000 0.000000 66.000000 0.000000 64.000000 0.000000 64.000000 0.000000 66.000000 0.000000 64.000000 0.000000 64.000000 0.000000 68.000000 0.000000 68.000000 0.000000 66.000000 0.000000 64.000000 0.000000 66.000000 0.000000 70.000000 0.000000 70.000000 0.000000 72.000000 0.000000 66.000000 0.000000 64.000000 0.000000 66.000000 0.000000 68.000000 0.000000 64.000000 0.000000 64.000000 0.000000 64.000000 0.000000 64.000000 0.000000 64.000000 0.000000 64.000000 0.000000 64.000000 0.000000 64.000000 0.000000 64.000000 0.000000 0.000000 0.000000 0.000000 0.000000 0.000000 0.000000 0.000000 0.000000 0.000000 0.000000 0.000000 0.000000 0.000000 0.000000 0.000000 0.000000 0.000000 0.000000 0.000000 0.000000 0.000000 0.000000 0.000000 0.000000 0.000000 0.000000 0.000000 0.000000 0.000000 0.000000 0.000000 0.000000 0.000000 0.000000 0.000000 0.000000 0.000000 0.000000 0.000000 0.000000 0.000000 0.000000 0.000000 0.000000 0.000000 0.000000 0.000000 0.000000 0.000000 0.000000 0.000000 0.000000 0.000000 0.000000 0.000000 0.000000 0.000000 0.000000 0.000000 0.000000 0.000000 0.000000 0.000000 0.000000 0.000000 0.000000 0.000000 0.000000 0.000000 0.000000 0.000000 0.000000 0.000000 0.000000 0.000000 0.000000 0.000000 0.000000 0.000000 0.000000
38877 2 80 358.000000 0.000000 364.000000 0.000000 356.000000 0.000000 362.000000 0.000000 358.000000 0.000000 356.000000 0.000000 356.000000 0.000000 356.000000 0.000000 354.000000 0.000000 352.000000 0.000000 364.000000 0.000000 358.000000 0.000000 360.000000 0.000000 358.000000 0.000000 362.000000 0.000000 358.000000 0.000000 356.000000 0.000000 364.000000 0.000000 354.000000 0.000000 366.000000 0.000000 354.000000 -4.000000 354.000000 0.000000 354.000000 0.000000 356.000000 0.000000 360.000000 0.000000 360.000000 0.000000 360.000000 0.000000 368.000000 0.000000 352.000000 0.000000 354.000000 0.000000 364.000000 0.000000 358.000000 0.000000 358.000000 0.000000 362.000000 0.000000 362.000000 0.000000 356.000000 0.000000 356.000000 0.000000 358.000000 0.000000 354.000000 0.000000 352.000000 0.000000 0.000000 0.000000 0.000000 0.000000 0.000000 0.000000 0.000000 0.000000 0.000000 0.000000 0.000000 0.000000 0.000000 0.000000 0.000000 0.000000 0.000000 0.000000 0.000000 0.000000 0.000000 0.000000 0.000000 0.000000 0.000000 0.000000 0.000000 0.000000 0.000000 0.000000 0.000000 0.000000 0.000000 0.000000 0.000000 0.000000 0.000000 0.000000 0.000000 0.000000 0.000000 0.000000 0.000000 0.000000 0.000000 0.000000 0.000000 0.000000 0.000000 0.000000 0.000000 0.000000 0.000000 0.000000 0.000000 0.000000 0.000000 0.000000 0.000000 0.000000 0.000000 0.000000 0.000000 0.000000 0.000000 0.000000 0.000000 0.000000 0.000000 0.000000 0.000000 0.000000 0.000000 0.000000 0.000000 0.000000 0.000000 0.000000 0.000000 0.000000 70.000000 0.000000 64.000000 0.000000 64.000000 0.000000 64.000000 0.000000 64.000000 0.000000 64.000000 0.000000 64.000000 0.000000 64.000000 0.000000 64.000000 0.000000 64.000000 0.000000 70.000000 0.000000 68.000000 0.000000 64.000000 0.000000 66.000000 0.000000 64.000000 0.000000 64.000000 0.000000 66.000000 0.000000 64.000000 0.000000 64.000000 0.000000 68.000000 0.000000 68.000000 0.000000 66.000000 0.000000 64.000000 0.000000 66.000000 0.000000 70.000000 0.000000 70.000000 0.000000 72.000000 0.000000 66.000000 0.000000 64.000000 0.000000 66.000000 0.000000 68.000000 0.000000 64.000000 0.000000 64.000000 0.000000 64.000000 0.000000 64.000000 0.000000 64.000000 0.000000 64.000000 0.000000 64.000000 0.000000 64.000000 0.000000 64.000000 0.000000 0.000000 0.000000 0.000000 0.000000 0.000000 0.000000 0.000000 0.000000 0.000000 0.000000 0.000000 0.000000 0.000000 0.000000 0.000000 0.000000 0.000000 0.000000 0.000000 0.000000 0.000000 0.000000 0.000000 0.000000 0.000000 0.000000 0.000000 0.000000 0.000000 0.000000 0.000000 0.000000 0.000000 0.000000 0.000000 0.000000 0.000000 0.000000 0.000000 0.000000 0.000000 0.000000 0.000000 0.000000 0.000000 0.000000 0.000000 0.000000 0.000000 0.000000 0.000000 0.000000 0.000000 0.000000 0.000000 0.000000 0.000000 0.000000 0.000000 0.000000 0.000000 0.000000 0.000000 0.000000 0.000000 0.000000 0.000000 0.000000 0.000000 0.000000 0.000000 0.000000 0.000000 0.000000 0.000000 0.000000 0.000000 0.000000 0.000000 0.000000
38877 2 80 362.000000 0.000000 356.000000 0.000000 364.000000 0.000000 368.000000 0.000000 362.000000 0.000000 364.000000 0.000000 356.000000 0.000000 362.000000 0.000000 358.000000 0.000000 364.000000 0.000000 362.000000 0.000000 358.000000 0.000000 362.000000 0.000000 364.000000 0.000000 364.000000 0.000000 366.000000 0.000000 358.000000 0.000000 360.000000 0.000000 362.000000 0.000000 358.000000 0.000000 378.000000 2.000000 364.000000 0.000000 364.000000 0.000000 362.000000 0.000000 360.000000 0.000000 366.000000 0.000000 362.000000 0.000000 360.000000 0.000000 358.000000 0.000000 358.000000 0.000000 360.000000 0.000000 362.000000 0.000000 366.000000 0.000000 364.000000 0.000000 354.000000 0.000000 362.000000 0.000000 364.000000 0.000000 362.000000 0.000000 358.000000 0.000000 362.000000 0.000000 0.000000 0.000000 0.000000 0.000000 0.000000 0.000000 0.000000 0.000000 0.000000 0.000000 0.000000 0.000000 0.000000 0.000000 0.000000 0.000000 0.000000 0.000000 0.000000 0.000000 0.000000 0.000000 0.000000 0.000000 0.000000 0.000000 0.000000 0.000000 0.000000 0.000000 0.000000 0.000000 0.000000 0.000000 0.000000 0.000000 0.000000 0.000000 0.000000 0.000000 0.000000 0.000000 0.000000 0.000000 0.000000 0.000000 0.000000 0.000000 0.000000 0.000000 0.000000 0.000000 0.000000 0.000000 0.000000 0.000000 0.000000 0.000000 0.000000 0.000000 0.000000 0.000000 0.000000 0.000000 0.000000 0.000000 0.000000 0.000000 0.000000 0.000000 0.000000 0.000000 0.000000 0.000000 0.000000 0.000000 0.000000 0.000000 0.000000 0.000000 70.000000 0.000000 64.000000 0.000000 68.000000 0.000000 68.000000 0.000000 72.000000 0.000000 68.000000 0.000000 64.000000 0.000000 68.000000 0.000000 64.000000 0.000000 68.000000 0.000000 66.000000 0.000000 64.000000 0.000000 68.000000 0.000000 64.000000 0.000000 66.000000 0.000000 64.000000 0.000000 64.000000 0.000000 64.000000 0.000000 64.000000 0.000000 68.000000 0.000000 72.000000 0.000000 76.000000 0.000000 74.000000 0.000000 68.000000 0.000000 68.000000 0.000000 70.000000 0.000000 66.000000 0.000000 64.000000 0.000000 68.000000 0.000000 64.000000 0.000000 64.000000 0.000000 68.000000 0.000000 64.000000 0.000000 64.000000 0.000000 64.000000 0.000000 64.000000 0.000000 68.000000 0.000000 64.000000 0.000000 66.000000 0.000000 64.000000 0.000000 0.000000 0.000000 0.000000 0.000000 0.000000 0.000000 0.000000 0.000000 0.000000 0.000000 0.000000 0.000000 0.000000 0.000000 0.000000 0.000000 0.000000 0.000000 0.000000 0.000000 0.000000 0.000000 0.000000 0.000000 0.000000 0.000000 0.000000 0.000000 0.000000 0.000000 0.000000 0.000000 0.000000 0.000000 0.000000 0.000000 0.000000 0.000000 0.000000 0.000000 0.000000 0.000000 0.000000 0.000000 0.000000 0.000000 0.000000 0.000000 0.000000 0.000000 0.000000 0.000000 0.000000 0.000000 0.000000 0.000000 0.000000 0.000000 0.000000 0.000000 0.000000 0.000000 0.000000 0.000000 0.000000 0.000000 0.000000 0.000000 0.000000 0.000000 0.000000 0.000000 0.000000 0.000000 0.000000 0.000000 0.000000 0.000000 0.000000 0.000000
38877 2 80 360.000000 0.000000 356.000000 0.000000 356.000000 0.000000 362.000000 0.000000 362.000000 0.000000 358.000000 0.000000 360.000000 0.000000 362.000000 0.000000 364.000000 0.000000 354.000000 0.000000 354.000000 0.000000 358.000000 0.000000 366.000000 0.000000 368.000000 0.000000 362.000000 0.000000 368.000000 0.000000 362.000000 0.000000 362.000000 0.000000 368.000000 0.000000 356.000000 0.000000 368.000000 -20.000000 358.000000 0.000000 360.000000 0.000000 362.000000 0.000000 362.000000 0.000000 360.000000 0.000000 366.000000 0.000000 358.000000 0.000000 360.000000 0.000000 364.000000 0.000000 358.000000 0.000000 366.000000 0.000000 368.000000 0.000000 364.000000 0.000000 366.000000 0.000000 358.000000 0.000000 362.000000 0.000000 366.000000 0.000000 354.000000 0.000000 362.000000 0.000000 0.000000 0.000000 0.000000 0.000000 0.000000 0.000000 0.000000 0.000000 0.000000 0.000000 0.000000 0.000000 0.000000 0.000000 0.000000 0.000000 0.000000 0.000000 0.000000 0.000000 0.000000 0.000000 0.000000 0.000000 0.000000 0.000000 0.000000 0.000000 0.000000 0.000000 0.000000 0.000000 0.000000 0.000000 0.000000 0.000000 0.000000 0.000000 0.000000 0.000000 0.000000 0.000000 0.000000 0.000000 0.000000 0.000000 0.000000 0.000000 0.000000 0.000000 0.000000 0.000000 0.000000 0.000000 0.000000 0.000000 0.000000 0.000000 0.000000 0.000000 0.000000 0.000000 0.000000 0.000000 0.000000 0.000000 0.000000 0.000000 0.000000 0.000000 0.000000 0.000000 0.000000 0.000000 0.000000 0.000000 0.000000 0.000000 0.000000 0.000000 70.000000 0.000000 64.000000 0.000000 64.000000 0.000000 72.000000 0.000000 64.000000 0.000000 68.000000 0.000000 66.000000 0.000000 64.000000 0.000000 64.000000 0.000000 64.000000 0.000000 64.000000 0.000000 64.000000 0.000000 66.000000 0.000000 68.000000 0.000000 66.000000 0.000000 64.000000 0.000000 64.000000 0.000000 66.000000 0.000000 64.000000 0.000000 64.000000 0.000000 72.000000 -4.000000 66.000000 0.000000 68.000000 0.000000 64.000000 0.000000 68.000000 0.000000 66.000000 0.000000 70.000000 0.000000 64.000000 0.000000 68.000000 0.000000 64.000000 0.000000 64.000000 0.000000 70.000000 0.000000 66.000000 0.000000 64.000000 0.000000 70.000000 0.000000 64.000000 0.000000 68.000000 0.000000 68.000000 0.000000 64.000000 0.000000 64.000000 0.000000 0.000000 0.000000 0.000000 0.000000 0.000000 0.000000 0.000000 0.000000 0.000000 0.000000 0.000000 0.000000 0.000000 0.000000 0.000000 0.000000 0.000000 0.000000 0.000000 0.000000 0.000000 0.000000 0.000000 0.000000 0.000000 0.000000 0.000000 0.000000 0.000000 0.000000 0.000000 0.000000 0.000000 0.000000 0.000000 0.000000 0.000000 0.000000 0.000000 0.000000 0.000000 0.000000 0.000000 0.000000 0.000000 0.000000 0.000000 0.000000 0.000000 0.000000 0.000000 0.000000 0.000000 0.000000 0.000000 0.000000 0.000000 0.000000 0.000000 0.000000 0.000000 0.000000 0.000000 0.000000 0.000000 0.000000 0.000000 0.000000 0.000000 0.000000 0.000000 0.000000 0.000000 0.000000 0.000000 0.000000 0.000000 0.000000 0.000000 0.000000
38877 2 80 360.000000 0.000000 356.000000 0.000000 356.000000 0.000000 356.000000 0.000000 354.000000 0.000000 354.000000 0.000000 358.000000 0.000000 360.000000 0.000000 358.000000 0.000000 356.000000 0.000000 354.000000 0.000000 358.000000 0.000000 362.000000 0.000000 362.000000 0.000000 356.000000 0.000000 356.000000 0.000000 360.000000 0.000000 354.000000 0.000000 352.000000 0.000000 356.000000 0.000000 374.000000 16.000000 358.000000 0.000000 360.000000 0.000000 362.000000 0.000000 356.000000 0.000000 358.000000 0.000000 360.000000 0.000000 366.000000 0.000000 352.000000 0.000000 360.000000 0.000000 362.000000 0.000000 358.000000 0.000000 356.000000 0.000000 354.000000 0.000000 352.000000 0.000000 354.000000 0.000000 360.000000 0.000000 358.000000 0.000000 358.000000 0.000000 356.000000 0.000000 0.000000 0.000000 0.000000 0.000000 0.000000 0.000000 0.000000 0.000000 0.000000 0.000000 0.000000 0.000000 0.000000 0.000000 0.000000 0.000000 0.000000 0.000000 0.000000 0.000000 0.000000 0.000000 0.000000 0.000000 0.000000 0.000000 0.000000 0.000000 0.000000 0.000000 0.000000 0.000000 0.000000 0.000000 0.000000 0.000000 0.000000 0.000000 0.000000 0.000000 0.000000 0.000000 0.000000 0.000000 0.000000 0.000000 0.000000 0.000000 0.000000 0.000000 0.000000 0.000000 0.000000 0.000000 0.000000 0.000000 0.000000 0.000000 0.000000 0.000000 0.000000 0.000000 0.000000 0.000000 0.000000 0.000000 0.000000 0.000000 0.000000 0.000000 0.000000 0.000000 0.000000 0.000000 0.000000 0.000000 0.000000 0.000000 0.000000 0.000000 70.000000 0.000000 64.000000 0.000000 68.000000 0.000000 64.000000 0.000000 64.000000 0.000000 64.000000 0.000000 64.000000 0.000000 64.000000 0.000000 64.000000 0.000000 64.000000 0.000000 64.000000 0.000000 64.000000 0.000000 68.000000 0.000000 66.000000 0.000000 64.000000 0.000000 64.000000 0.000000 64.000000 0.000000 66.000000 0.000000 64.000000 0.000000 64.000000 0.000000 72.000000 4.000000 70.000000 0.000000 64.000000 0.000000 66.000000 0.000000 64.000000 0.000000 68.000000 0.000000 72.000000 0.000000 68.000000 0.000000 64.000000 0.000000 68.000000 0.000000 68.000000 0.000000 66.000000 0.000000 66.000000 0.000000 64.000000 0.000000 64.000000 0.000000 64.000000 0.000000 66.000000 0.000000 64.000000 0.000000 64.000000 0.000000 64.000000 0.000000 0.000000 0.000000 0.000000 0.000000 0.000000 0.000000 0.000000 0.000000 0.000000 0.000000 0.000000 0.000000 0.000000 0.000000 0.000000 0.000000 0.000000 0.000000 0.000000 0.000000 0.000000 0.000000 0.000000 0.000000 0.000000 0.000000 0.000000 0.000000 0.000000 0.000000 0.000000 0.000000 0.000000 0.000000 0.000000 0.000000 0.000000 0.000000 0.000000 0.000000 0.000000 0.000000 0.000000 0.000000 0.000000 0.000000 0.000000 0.000000 0.000000 0.000000 0.000000 0.000000 0.000000 0.000000 0.000000 0.000000 0.000000 0.000000 0.000000 0.000000 0.000000 0.000000 0.000000 0.000000 0.000000 0.000000 0.000000 0.000000 0.000000 0.000000 0.000000 0.000000 0.000000 0.000000 0.000000 0.000000 0.000000 0.000000 0.000000 0.000000
38877 2 80 360.000000 0.000000 356.000000 0.000000 356.000000 0.000000 356.000000 0.000000 354.000000 0.000000 354.000000 0.000000 358.000000 0.000000 360.000000 0.000000 358.000000 0.000000 356.000000 0.000000 354.000000 0.000000 358.000000 0.000000 362.000000 0.000000 362.000000 0.000000 356.000000 0.000000 356.000000 0.000000 360.000000 0.000000 354.000000 0.000000 352.000000 0.000000 356.000000 0.000000 374.000000 16.000000 358.000000 0.000000 360.000000 0.000000 362.000000 0.000000 356.000000 0.000000 358.000000 0.000000 360.000000 0.000000 366.000000 0.000000 352.000000 0.000000 360.000000 0.000000 362.000000 0.000000 358.000000 0.000000 356.000000 0.000000 354.000000 0.000000 352.000000 0.000000 354.000000 0.000000 360.000000 0.000000 358.000000 0.000000 358.000000 0.000000 356.000000 0.000000 0.000000 0.000000 0.000000 0.000000 0.000000 0.000000 0.000000 0.000000 0.000000 0.000000 0.000000 0.000000 0.000000 0.000000 0.000000 0.000000 0.000000 0.000000 0.000000 0.000000 0.000000 0.000000 0.000000 0.000000 0.000000 0.000000 0.000000 0.000000 0.000000 0.000000 0.000000 0.000000 0.000000 0.000000 0.000000 0.000000 0.000000 0.000000 0.000000 0.000000 0.000000 0.000000 0.000000 0.000000 0.000000 0.000000 0.000000 0.000000 0.000000 0.000000 0.000000 0.000000 0.000000 0.000000 0.000000 0.000000 0.000000 0.000000 0.000000 0.000000 0.000000 0.000000 0.000000 0.000000 0.000000 0.000000 0.000000 0.000000 0.000000 0.000000 0.000000 0.000000 0.000000 0.000000 0.000000 0.000000 0.000000 0.000000 0.000000 0.000000 70.000000 0.000000 64.000000 0.000000 68.000000 0.000000 64.000000 0.000000 64.000000 0.000000 64.000000 0.000000 64.000000 0.000000 64.000000 0.000000 64.000000 0.000000 64.000000 0.000000 64.000000 0.000000 64.000000 0.000000 68.000000 0.000000 66.000000 0.000000 64.000000 0.000000 64.000000 0.000000 64.000000 0.000000 66.000000 0.000000 64.000000 0.000000 64.000000 0.000000 72.000000 4.000000 70.000000 0.000000 64.000000 0.000000 66.000000 0.000000 64.000000 0.000000 68.000000 0.000000 72.000000 0.000000 68.000000 0.000000 64.000000 0.000000 68.000000 0.000000 68.000000 0.000000 66.000000 0.000000 66.000000 0.000000 64.000000 0.000000 64.000000 0.000000 64.000000 0.000000 66.000000 0.000000 64.000000 0.000000 64.000000 0.000000 64.000000 0.000000 0.000000 0.000000 0.000000 0.000000 0.000000 0.000000 0.000000 0.000000 0.000000 0.000000 0.000000 0.000000 0.000000 0.000000 0.000000 0.000000 0.000000 0.000000 0.000000 0.000000 0.000000 0.000000 0.000000 0.000000 0.000000 0.000000 0.000000 0.000000 0.000000 0.000000 0.000000 0.000000 0.000000 0.000000 0.000000 0.000000 0.000000 0.000000 0.000000 0.000000 0.000000 0.000000 0.000000 0.000000 0.000000 0.000000 0.000000 0.000000 0.000000 0.000000 0.000000 0.000000 0.000000 0.000000 0.000000 0.000000 0.000000 0.000000 0.000000 0.000000 0.000000 0.000000 0.000000 0.000000 0.000000 0.000000 0.000000 0.000000 0.000000 0.000000 0.000000 0.000000 0.000000 0.000000 0.000000 0.000000 0.000000 0.000000 0.000000 0.000000
38877 2 80 360.000000 0.000000 356.000000 0.000000 356.000000 0.000000 356.000000 0.000000 354.000000 0.000000 354.000000 0.000000 358.000000 0.000000 360.000000 0.000000 358.000000 0.000000 356.000000 0.000000 354.000000 0.000000 358.000000 0.000000 362.000000 0.000000 362.000000 0.000000 356.000000 0.000000 356.000000 0.000000 360.000000 0.000000 354.000000 0.000000 352.000000 0.000000 356.000000 0.000000 374.000000 16.000000 358.000000 0.000000 360.000000 0.000000 362.000000 0.000000 356.000000 0.000000 358.000000 0.000000 360.000000 0.000000 366.000000 0.000000 352.000000 0.000000 360.000000 0.000000 362.000000 0.000000 358.000000 0.000000 356.000000 0.000000 354.000000 0.000000 352.000000 0.000000 354.000000 0.000000 360.000000 0.000000 358.000000 0.000000 358.000000 0.000000 356.000000 0.000000 0.000000 0.000000 0.000000 0.000000 0.000000 0.000000 0.000000 0.000000 0.000000 0.000000 0.000000 0.000000 0.000000 0.000000 0.000000 0.000000 0.000000 0.000000 0.000000 0.000000 0.000000 0.000000 0.000000 0.000000 0.000000 0.000000 0.000000 0.000000 0.000000 0.000000 0.000000 0.000000 0.000000 0.000000 0.000000 0.000000 0.000000 0.000000 0.000000 0.000000 0.000000 0.000000 0.000000 0.000000 0.000000 0.000000 0.000000 0.000000 0.000000 0.000000 0.000000 0.000000 0.000000 0.000000 0.000000 0.000000 0.000000 0.000000 0.000000 0.000000 0.000000 0.000000 0.000000 0.000000 0.000000 0.000000 0.000000 0.000000 0.000000 0.000000 0.000000 0.000000 0.000000 0.000000 0.000000 0.000000 0.000000 0.000000 0.000000 0.000000 70.000000 0.000000 64.000000 0.000000 68.000000 0.000000 64.000000 0.000000 64.000000 0.000000 64.000000 0.000000 64.000000 0.000000 64.000000 0.000000 64.000000 0.000000 64.000000 0.000000 64.000000 0.000000 64.000000 0.000000 68.000000 0.000000 66.000000 0.000000 64.000000 0.000000 64.000000 0.000000 64.000000 0.000000 66.000000 0.000000 64.000000 0.000000 64.000000 0.000000 72.000000 4.000000 70.000000 0.000000 64.000000 0.000000 66.000000 0.000000 64.000000 0.000000 68.000000 0.000000 72.000000 0.000000 68.000000 0.000000 64.000000 0.000000 68.000000 0.000000 68.000000 0.000000 66.000000 0.000000 66.000000 0.000000 64.000000 0.000000 64.000000 0.000000 64.000000 0.000000 66.000000 0.000000 64.000000 0.000000 64.000000 0.000000 64.000000 0.000000 0.000000 0.000000 0.000000 0.000000 0.000000 0.000000 0.000000 0.000000 0.000000 0.000000 0.000000 0.000000 0.000000 0.000000 0.000000 0.000000 0.000000 0.000000 0.000000 0.000000 0.000000 0.000000 0.000000 0.000000 0.000000 0.000000 0.000000 0.000000 0.000000 0.000000 0.000000 0.000000 0.000000 0.000000 0.000000 0.000000 0.000000 0.000000 0.000000 0.000000 0.000000 0.000000 0.000000 0.000000 0.000000 0.000000 0.000000 0.000000 0.000000 0.000000 0.000000 0.000000 0.000000 0.000000 0.000000 0.000000 0.000000 0.000000 0.000000 0.000000 0.000000 0.000000 0.000000 0.000000 0.000000 0.000000 0.000000 0.000000 0.000000 0.000000 0.000000 0.000000 0.000000 0.000000 0.000000 0.000000 0.000000 0.000000 0.000000 0.000000
38877 2 80 360.000000 0.000000 356.000000 0.000000 356.000000 0.000000 356.000000 0.000000 354.000000 0.000000 354.000000 0.000000 358.000000 0.000000 360.000000 0.000000 358.000000 0.000000 356.000000 0.000000 354.000000 0.000000 358.000000 0.000000 362.000000 0.000000 362.000000 0.000000 356.000000 0.000000 356.000000 0.000000 360.000000 0.000000 354.000000 0.000000 352.000000 0.000000 356.000000 0.000000 374.000000 16.000000 358.000000 0.000000 360.000000 0.000000 362.000000 0.000000 356.000000 0.000000 358.000000 0.000000 360.000000 0.000000 366.000000 0.000000 352.000000 0.000000 360.000000 0.000000 362.000000 0.000000 358.000000 0.000000 356.000000 0.000000 354.000000 0.000000 352.000000 0.000000 354.000000 0.000000 360.000000 0.000000 358.000000 0.000000 358.000000 0.000000 356.000000 0.000000 0.000000 0.000000 0.000000 0.000000 0.000000 0.000000 0.000000 0.000000 0.000000 0.000000 0.000000 0.000000 0.000000 0.000000 0.000000 0.000000 0.000000 0.000000 0.000000 0.000000 0.000000 0.000000 0.000000 0.000000 0.000000 0.000000 0.000000 0.000000 0.000000 0.000000 0.000000 0.000000 0.000000 0.000000 0.000000 0.000000 0.000000 0.000000 0.000000 0.000000 0.000000 0.000000 0.000000 0.000000 0.000000 0.000000 0.000000 0.000000 0.000000 0.000000 0.000000 0.000000 0.000000 0.000000 0.000000 0.000000 0.000000 0.000000 0.000000 0.000000 0.000000 0.000000 0.000000 0.000000 0.000000 0.000000 0.000000 0.000000 0.000000 0.000000 0.000000 0.000000 0.000000 0.000000 0.000000 0.000000 0.000000 0.000000 0.000000 0.000000 70.000000 0.000000 64.000000 0.000000 68.000000 0.000000 64.000000 0.000000 64.000000 0.000000 64.000000 0.000000 64.000000 0.000000 64.000000 0.000000 64.000000 0.000000 64.000000 0.000000 64.000000 0.000000 64.000000 0.000000 68.000000 0.000000 66.000000 0.000000 64.000000 0.000000 64.000000 0.000000 64.000000 0.000000 66.000000 0.000000 64.000000 0.000000 64.000000 0.000000 72.000000 4.000000 70.000000 0.000000 64.000000 0.000000 66.000000 0.000000 64.000000 0.000000 68.000000 0.000000 72.000000 0.000000 68.000000 0.000000 64.000000 0.000000 68.000000 0.000000 68.000000 0.000000 66.000000 0.000000 66.000000 0.000000 64.000000 0.000000 64.000000 0.000000 64.000000 0.000000 66.000000 0.000000 64.000000 0.000000 64.000000 0.000000 64.000000 0.000000 0.000000 0.000000 0.000000 0.000000 0.000000 0.000000 0.000000 0.000000 0.000000 0.000000 0.000000 0.000000 0.000000 0.000000 0.000000 0.000000 0.000000 0.000000 0.000000 0.000000 0.000000 0.000000 0.000000 0.000000 0.000000 0.000000 0.000000 0.000000 0.000000 0.000000 0.000000 0.000000 0.000000 0.000000 0.000000 0.000000 0.000000 0.000000 0.000000 0.000000 0.000000 0.000000 0.000000 0.000000 0.000000 0.000000 0.000000 0.000000 0.000000 0.000000 0.000000 0.000000 0.000000 0.000000 0.000000 0.000000 0.000000 0.000000 0.000000 0.000000 0.000000 0.000000 0.000000 0.000000 0.000000 0.000000 0.000000 0.000000 0.000000 0.000000 0.000000 0.000000 0.000000 0.000000 0.000000 0.000000 0.000000 0.000000 0.000000 0.000000
