0 19225 4 60 30.0000 90.034 -179.936 -89.996
1 19225 4 60 30.0000 90.000 179.996 -90.000
2 19225 4 60 30.0000 90.000 179.996 -90.000
3 19225 4 60 30.0000 90.000 179.996 -90.000
4 19225 4 60 30.0000 90.000 179.996 -90.000
5 19225 4 60 30.0000 90.000 179.996 -90.000
6 19225 4 60 30.0000 90.000 179.996 -90.000
7 19225 4 60 30.0000 90.000 179.996 -90.000
8 19225 4 60 30.0000 90.000 179.996 -90.000
9 19225 4 60 30.0000 90.000 179.996 -90.000
10 19225 4 60 30.0000 90.000 179.996 -90.000
11 19225 4 60 30.0000 90.015 -179.996 -90.000
12 19225 4 60 30.0000 90.015 -179.996 -90.000
13 19225 4 60 30.0000 90.015 -179.996 -90.000
14 19225 4 60 30.0000 90.015 -179.996 -90.000
15 19225 4 60 30.0000 90.015 -179.996 -90.000
16 19225 4 60 30.0000 90.015 -179.996 -90.000
17 19225 4 60 30.0000 90.015 -179.996 -90.000
18 19225 4 60 30.0000 90.015 -179.996 -90.000
19 19225 4 60 30.0000 90.015 -179.996 -90.000
20 19225 4 60 30.0000 90.015 -179.996 -90.000
21 19225 4 60 30.0000 90.015 -179.996 -90.000
22 19225 4 60 30.0000 90.000 180.000 -90.034
23 19225 4 60 30.0000 90.000 180.000 -90.034
24 19225 4 60 30.0000 90.000 180.000 -90.034
25 19225 4 60 30.0000 90.000 180.000 -90.034
26 19225 4 60 30.0000 90.000 180.000 -90.034
27 19225 4 60 30.0000 90.000 180.000 -90.034
28 19225 4 60 30.0000 90.000 180.000 -90.034
29 19225 4 60 30.0000 90.000 180.000 -90.034
30 19225 4 60 30.0000 90.000 180.000 -90.034
31 19225 4 60 30.0000 90.000 180.000 -90.034
32 19225 4 60 30.0000 90.030 179.993 -90.000
33 19225 4 60 30.0000 90.030 179.993 -90.000
34 19225 4 60 30.0000 90.030 179.993 -90.000
35 19225 4 60 30.0000 90.030 179.993 -90.000
36 19225 4 60 30.0000 90.030 179.993 -90.000
37 19225 4 60 30.0000 90.030 179.993 -90.000
38 19225 4 60 30.0000 90.030 179.993 -90.000
39 19225 4 60 30.0000 90.030 179.993 -90.000
40 19225 4 60 30.0000 90.030 179.993 -90.000
41 19225 4 60 30.0000 90.030 179.993 -90.000
42 19225 4 60 30.0000 90.064 -179.936 -90.000
43 19225 4 60 30.0000 90.064 -179.936 -90.000
44 19225 4 60 30.0000 90.064 -179.936 -90.000
45 19225 4 60 30.0000 90.064 -179.936 -90.000
46 19225 4 60 30.0000 90.064 -179.936 -90.000
47 19225 4 60 30.0000 90.064 -179.936 -90.000
48 19225 4 60 30.0000 90.064 -179.936 -90.000
49 19225 4 60 30.0000 90.064 -179.936 -90.000
50 19225 4 60 30.0000 90.064 -179.936 -90.000
51 19225 4 60 30.0000 90.064 -179.936 -90.000
52 19225 4 60 30.0000 90.104 -179.907 -89.970
53 19225 4 60 30.0000 90.104 -179.907 -89.970
54 19225 4 60 30.0000 90.104 -179.907 -89.970
55 19225 4 60 30.0000 90.104 -179.907 -89.970
56 19225 4 60 30.0000 90.104 -179.907 -89.970
57 19225 4 60 30.0000 90.104 -179.907 -89.970
58 19225 4 60 30.0000 90.104 -179.907 -89.970
59 19225 4 60 30.0000 90.104 -179.907 -89.970
60 19225 4 60 30.0000 90.104 -179.907 -89.970
61 19225 4 60 30.0000 90.104 -179.907 -89.970
62 19225 4 60 30.0000 90.007 -179.966 -90.000
63 19225 4 60 30.0000 90.007 -179.966 -90.000
64 19225 4 60 30.0000 90.007 -179.966 -90.000
65 19225 4 60 30.0000 90.007 -179.966 -90.000
66 19225 4 60 30.0000 90.007 -179.966 -90.000
67 19225 4 60 30.0000 90.007 -179.966 -90.000
68 19225 4 60 30.0000 90.007 -179.966 -90.000
69 19225 4 60 30.0000 90.007 -179.966 -90.000
70 19225 4 60 30.0000 90.007 -179.966 -90.000
71 19225 4 60 30.0000 90.007 -179.966 -90.000
72 19225 4 60 30.0000 90.000 180.000 -90.000
73 19225 4 60 30.0000 90.000 180.000 -90.000
74 19225 4 60 30.0000 90.000 180.000 -90.000
75 19225 4 60 30.0000 90.000 180.000 -90.000
76 19225 4 60 30.0000 90.000 180.000 -90.000
77 19225 4 60 30.0000 90.000 180.000 -90.000
78 19225 4 60 30.0000 90.000 180.000 -90.000
79 19225 4 60 30.0000 90.000 180.000 -90.000
80 19225 4 60 30.0000 90.000 180.000 -90.000
81 19225 4 60 30.0000 90.000 180.000 -90.000
82 19225 4 60 30.0000 90.000 180.000 -90.000
83 19225 4 60 30.0000 90.034 -179.966 -90.000
84 19225 4 60 30.0000 90.034 -179.966 -90.000
85 19225 4 60 30.0000 90.034 -179.966 -90.000
86 19225 4 60 30.0000 90.034 -179.966 -90.000
87 19225 4 60 30.0000 90.034 -179.966 -90.000
88 19225 4 60 30.0000 90.034 -179.966 -90.000
89 19225 4 60 30.0000 90.034 -179.966 -90.000
90 19225 4 60 30.0000 90.034 -179.966 -90.000
91 19225 4 60 30.0000 90.034 -179.966 -90.000
92 19225 4 60 30.0000 90.034 -179.966 -90.000
93 19225 4 60 30.0000 90.064 -179.955 -89.966
94 19225 4 60 30.0000 90.064 -179.955 -89.966
95 19225 4 60 30.0000 90.064 -179.955 -89.966
96 19225 4 60 30.0000 90.064 -179.955 -89.966
97 19225 4 60 30.0000 90.064 -179.955 -89.966
98 19225 4 60 30.0000 90.064 -179.955 -89.966
99 19225 4 60 30.0000 90.064 -179.955 -89.966
100 19225 4 60 30.0000 90.064 -179.955 -89.966
101 19225 4 60 30.0000 90.064 -179.955 -89.966
102 19225 4 60 30.0000 90.064 -179.955 -89.966
103 19225 4 60 30.0000 90.064 -179.955 -89.966
104 19225 4 60 30.0000 90.000 -179.993 -90.026
105 19225 4 60 30.0000 90.000 -179.993 -90.026
106 19225 4 60 30.0000 90.000 -179.993 -90.026
107 19225 4 60 30.0000 90.000 -179.993 -90.026
108 19225 4 60 30.0000 90.000 -179.993 -90.026
109 19225 4 60 30.0000 90.000 -179.993 -90.026
110 19225 4 60 30.0000 90.000 -179.993 -90.026
111 19225 4 60 30.0000 90.000 -179.993 -90.026
112 19225 4 60 30.0000 90.000 -179.993 -90.026
113 19225 4 60 30.0000 90.000 -179.993 -90.026
114 19225 4 60 30.0000 90.000 -179.985 -90.027
115 19225 4 60 30.0000 90.000 -179.985 -90.027
116 19225 4 60 30.0000 90.000 -179.985 -90.027
117 19225 4 60 30.0000 90.000 -179.985 -90.027
118 19225 4 60 30.0000 90.000 -179.985 -90.027
119 19225 4 60 30.0000 90.000 -179.985 -90.027
120 19225 4 60 30.0000 90.000 -179.985 -90.027
121 19225 4 60 30.0000 90.000 -179.985 -90.027
122 19225 4 60 30.0000 90.000 -179.985 -90.027
123 19225 4 60 30.0000 90.000 -179.985 -90.027
124 19225 4 60 30.0000 90.004 -179.996 -89.996
125 19225 4 60 30.0000 90.004 -179.996 -89.996
126 19225 4 60 30.0000 90.004 -179.996 -89.996
127 19225 4 60 30.0000 90.004 -179.996 -89.996
128 19225 4 60 30.0000 90.004 -179.996 -89.996
129 19225 4 60 30.0000 90.004 -179.996 -89.996
130 19225 4 60 30.0000 90.004 -179.996 -89.996
131 19225 4 60 30.0000 90.004 -179.996 -89.996
132 19225 4 60 30.0000 90.004 -179.996 -89.996
133 19225 4 60 30.0000 90.004 -179.996 -89.996
134 19225 4 60 30.0000 90.004 -179.996 -89.996
135 19225 4 60 30.0000 90.056 -179.996 -90.019
136 19225 4 60 30.0000 90.056 -179.996 -90.019
137 19225 4 60 30.0000 90.056 -179.996 -90.019
138 19225 4 60 30.0000 90.056 -179.996 -90.019
139 19225 4 60 30.0000 90.056 -179.996 -90.019
140 19225 4 60 30.0000 90.056 -179.996 -90.019
141 19225 4 60 30.0000 90.056 -179.996 -90.019
142 19225 4 60 30.0000 90.056 -179.996 -90.019
143 19225 4 60 30.0000 90.056 -179.996 -90.019
144 19225 4 60 30.0000 90.056 -179.996 -90.019
145 19225 4 60 30.0000 90.056 -179.996 -90.019
146 19225 4 60 30.0000 89.836 179.839 -90.194
147 19225 4 60 30.0000 89.836 179.839 -90.194
148 19225 4 60 30.0000 89.836 179.839 -90.194
149 19225 4 60 30.0000 89.836 179.839 -90.194
150 19225 4 60 30.0000 89.836 179.839 -90.194
151 19225 4 60 30.0000 89.836 179.839 -90.194
152 19225 4 60 30.0000 89.836 179.839 -90.194
153 19225 4 60 30.0000 89.836 179.839 -90.194
154 19225 4 60 30.0000 89.836 179.839 -90.194
155 19225 4 60 30.0000 89.836 179.839 -90.194
156 19225 4 60 30.0000 90.000 -179.970 -90.000
157 19225 4 60 30.0000 90.000 -179.970 -90.000
158 19225 4 60 30.0000 90.000 -179.970 -90.000
159 19225 4 60 30.0000 90.000 -179.970 -90.000
160 19225 4 60 30.0000 90.000 -179.970 -90.000
161 19225 4 60 30.0000 90.000 -179.970 -90.000
162 19225 4 60 30.0000 90.000 -179.970 -90.000
163 19225 4 60 30.0000 90.000 -179.970 -90.000
164 19225 4 60 30.0000 90.000 -179.970 -90.000
165 19225 4 60 30.0000 90.000 -179.970 -90.000
166 19225 4 60 30.0000 90.023 -179.947 -90.011
167 19225 4 60 30.0000 90.023 -179.947 -90.011
168 19225 4 60 30.0000 90.023 -179.947 -90.011
169 19225 4 60 30.0000 90.023 -179.947 -90.011
170 19225 4 60 30.0000 90.023 -179.947 -90.011
171 19225 4 60 30.0000 90.023 -179.947 -90.011
172 19225 4 60 30.0000 90.023 -179.947 -90.011
173 19225 4 60 30.0000 90.023 -179.947 -90.011
174 19225 4 60 30.0000 90.023 -179.947 -90.011
175 19225 4 60 30.0000 90.023 -179.947 -90.011
176 19225 4 60 30.0000 90.023 -179.947 -90.011
177 19225 4 60 30.0000 90.023 -179.947 -90.011
178 19225 4 60 30.0000 90.030 -179.970 -90.000
179 19225 4 60 30.0000 90.030 -179.970 -90.000
180 19225 4 60 30.0000 90.030 -179.970 -90.000
181 19225 4 60 30.0000 90.030 -179.970 -90.000
182 19225 4 60 30.0000 90.030 -179.970 -90.000
183 19225 4 60 30.0000 90.030 -179.970 -90.000
184 19225 4 60 30.0000 90.030 -179.970 -90.000
185 19225 4 60 30.0000 90.030 -179.970 -90.000
186 19225 4 60 30.0000 90.030 -179.970 -90.000
187 19225 4 60 30.0000 90.030 -179.970 -90.000
188 19225 4 60 30.0000 90.004 -179.996 -90.011
189 19225 4 60 30.0000 90.004 -179.996 -90.011
190 19225 4 60 30.0000 90.004 -179.996 -90.011
191 19225 4 60 30.0000 90.004 -179.996 -90.011
192 19225 4 60 30.0000 90.004 -179.996 -90.011
193 19225 4 60 30.0000 90.004 -179.996 -90.011
194 19225 4 60 30.0000 90.004 -179.996 -90.011
195 19225 4 60 30.0000 90.004 -179.996 -90.011
196 19225 4 60 30.0000 90.004 -179.996 -90.011
197 19225 4 60 30.0000 90.004 -179.996 -90.011
198 19225 4 60 30.0000 90.030 -179.947 -90.000
199 19225 4 60 30.0000 90.030 -179.947 -90.000
200 19225 4 60 30.0000 90.030 -179.947 -90.000
201 19225 4 60 30.0000 90.030 -179.947 -90.000
202 19225 4 60 30.0000 90.030 -179.947 -90.000
203 19225 4 60 30.0000 90.030 -179.947 -90.000
204 19225 4 60 30.0000 90.030 -179.947 -90.000
205 19225 4 60 30.0000 90.030 -179.947 -90.000
206 19225 4 60 30.0000 90.030 -179.947 -90.000
207 19225 4 60 30.0000 90.030 -179.947 -90.000
208 19225 4 60 30.0000 90.030 -179.947 -90.000
209 19225 4 60 29.7000 87.313 172.111 -91.634
210 19225 4 60 30.0000 90.015 -179.966 -90.000
211 19225 4 60 30.0000 90.015 -179.966 -90.000
212 19225 4 60 30.0000 90.015 -179.966 -90.000
213 19225 4 60 30.0000 90.015 -179.966 -90.000
214 19225 4 60 30.0000 90.015 -179.966 -90.000
215 19225 4 60 30.0000 90.015 -179.966 -90.000
216 19225 4 60 30.0000 90.015 -179.966 -90.000
217 19225 4 60 30.0000 90.015 -179.966 -90.000
218 19225 4 60 30.0000 90.015 -179.966 -90.000
219 19225 4 60 30.0000 90.015 -179.966 -90.000
220 19225 4 60 30.0000 90.064 -179.962 -89.970
221 19225 4 60 30.0000 90.064 -179.962 -89.970
222 19225 4 60 30.0000 90.064 -179.962 -89.970
223 19225 4 60 30.0000 90.064 -179.962 -89.970
224 19225 4 60 30.0000 90.064 -179.962 -89.970
225 19225 4 60 30.0000 90.064 -179.962 -89.970
226 19225 4 60 30.0000 90.064 -179.962 -89.970
227 19225 4 60 30.0000 90.064 -179.962 -89.970
228 19225 4 60 30.0000 90.064 -179.962 -89.970
229 19225 4 60 30.0000 90.064 -179.962 -89.970
230 19225 4 60 30.0000 90.030 -179.970 -90.011
231 19225 4 60 30.0000 90.030 -179.970 -90.011
232 19225 4 60 30.0000 90.030 -179.970 -90.011
233 19225 4 60 30.0000 90.030 -179.970 -90.011
234 19225 4 60 30.0000 90.030 -179.970 -90.011
235 19225 4 60 30.0000 90.030 -179.970 -90.011
236 19225 4 60 30.0000 90.030 -179.970 -90.011
237 19225 4 60 30.0000 90.030 -179.970 -90.011
238 19225 4 60 30.0000 90.030 -179.970 -90.011
239 19225 4 60 30.0000 90.030 -179.970 -90.011
240 19225 4 60 30.0000 90.034 -179.966 -89.977
241 19225 4 60 30.0000 90.034 -179.966 -89.977
242 19225 4 60 30.0000 90.034 -179.966 -89.977
243 19225 4 60 30.0000 90.034 -179.966 -89.977
244 19225 4 60 30.0000 90.034 -179.966 -89.977
245 19225 4 60 30.0000 90.034 -179.966 -89.977
246 19225 4 60 30.0000 90.034 -179.966 -89.977
247 19225 4 60 30.0000 90.034 -179.966 -89.977
248 19225 4 60 30.0000 90.034 -179.966 -89.977
249 19225 4 60 30.0000 90.034 -179.966 -89.977
250 19225 4 60 30.0000 90.060 -179.909 -90.000
251 19225 4 60 30.0000 90.060 -179.909 -90.000
252 19225 4 60 30.0000 90.060 -179.909 -90.000
253 19225 4 60 30.0000 90.060 -179.909 -90.000
254 19225 4 60 30.0000 90.060 -179.909 -90.000
255 19225 4 60 30.0000 90.060 -179.909 -90.000
256 19225 4 60 30.0000 90.060 -179.909 -90.000
257 19225 4 60 30.0000 90.060 -179.909 -90.000
258 19225 4 60 30.0000 90.060 -179.909 -90.000
259 19225 4 60 30.0000 90.060 -179.909 -90.000
260 19225 4 60 30.0000 90.008 -179.996 -90.004
261 19225 4 60 30.0000 90.008 -179.996 -90.004
262 19225 4 60 30.0000 90.008 -179.996 -90.004
263 19225 4 60 30.0000 90.008 -179.996 -90.004
264 19225 4 60 30.0000 90.008 -179.996 -90.004
265 19225 4 60 30.0000 90.008 -179.996 -90.004
266 19225 4 60 30.0000 90.008 -179.996 -90.004
267 19225 4 60 30.0000 90.008 -179.996 -90.004
268 19225 4 60 30.0000 90.008 -179.996 -90.004
269 19225 4 60 30.0000 90.008 -179.996 -90.004
270 19225 4 60 30.0000 90.023 -179.993 -90.007
271 19225 4 60 30.0000 90.023 -179.993 -90.007
272 19225 4 60 30.0000 90.023 -179.993 -90.007
273 19225 4 60 30.0000 90.023 -179.993 -90.007
274 19225 4 60 30.0000 90.023 -179.993 -90.007
275 19225 4 60 30.0000 90.023 -179.993 -90.007
276 19225 4 60 30.0000 90.023 -179.993 -90.007
277 19225 4 60 30.0000 90.023 -179.993 -90.007
278 19225 4 60 30.0000 90.023 -179.993 -90.007
279 19225 4 60 30.0000 90.023 -179.993 -90.007
280 19225 4 60 30.0000 90.000 -179.996 -89.996
281 19225 4 60 30.0000 90.000 -179.996 -89.996
282 19225 4 60 30.0000 90.000 -179.996 -89.996
283 19225 4 60 30.0000 90.000 -179.996 -89.996
284 19225 4 60 30.0000 90.000 -179.996 -89.996
285 19225 4 60 30.0000 90.000 -179.996 -89.996
286 19225 4 60 30.0000 90.000 -179.996 -89.996
287 19225 4 60 30.0000 90.000 -179.996 -89.996
288 19225 4 60 30.0000 90.000 -179.996 -89.996
289 19225 4 60 30.0000 90.000 -179.996 -89.996
290 19225 4 60 30.0000 90.060 -179.936 -90.000
291 19225 4 60 30.0000 90.060 -179.936 -90.000
292 19225 4 60 30.0000 90.060 -179.936 -90.000
293 19225 4 60 30.0000 90.060 -179.936 -90.000
294 19225 4 60 30.0000 90.060 -179.936 -90.000
295 19225 4 60 30.0000 90.060 -179.936 -90.000
296 19225 4 60 30.0000 90.060 -179.936 -90.000
297 19225 4 60 30.0000 90.060 -179.936 -90.000
298 19225 4 60 30.0000 90.060 -179.936 -90.000
299 19225 4 60 30.0000 90.060 -179.936 -90.000
